2	10.70128
4	10.70108
6	10.70084
8	10.70056
10	10.70048
12	10.70053
14	10.70035
16	10.7001
18	10.70008
20	10.69969
22	10.69958
24	10.6997
26	10.69968
28	10.69987
30	10.70006
32	10.69961
34	10.69951
36	10.6996
38	10.69959
40	10.69925
42	10.69939
44	10.69921
46	10.69887
48	10.69898
50	10.69901
52	10.69898
54	10.69914
56	10.69898
58	10.69926
60	10.69887
62	10.69867
64	10.69866
66	10.69876
68	10.69862
70	10.6986
72	10.69851
74	10.69879
76	10.69884
78	10.69885
80	10.6989
82	10.69873
84	10.69885
86	10.69887
88	10.69859
90	10.69851
92	10.69863
94	10.69848
96	10.6982
98	10.69813
100	10.69829
102	10.69816
104	10.69813
106	10.69811
108	10.69823
110	10.6982
112	10.6982
114	10.69809
116	10.6982
118	10.6983
120	10.69803
122	10.69783
124	10.69768
126	10.69758
128	10.69788
130	10.69801
132	10.69816
134	10.69812
136	10.69825
138	10.69816
140	10.69791
142	10.69781
144	10.69768
146	10.69754
148	10.69794
150	10.698
152	10.6977
154	10.69748
156	10.69771
158	10.69792
160	10.69827
162	10.69803
164	10.69792
166	10.69805
168	10.69807
170	10.69815
172	10.69834
174	10.6983
176	10.69809
178	10.6978
180	10.6979
182	10.69752
184	10.69766
186	10.69781
188	10.69756
190	10.69739
192	10.69759
194	10.69739
196	10.69721
198	10.69718
200	10.69725
202	10.6971
204	10.69699
206	10.69711
208	10.6972
210	10.69748
212	10.69774
214	10.69769
216	10.69759
218	10.69736
220	10.69715
222	10.6974
224	10.69766
226	10.69753
228	10.6975
230	10.6976
232	10.69767
234	10.69777
236	10.69811
238	10.69803
240	10.69807
242	10.69791
244	10.69778
246	10.69785
248	10.69798
250	10.69753
252	10.69719
254	10.69714
256	10.69714
258	10.69661
260	10.69656
262	10.69691
264	10.69726
266	10.69697
268	10.69691
270	10.69707
272	10.6973
274	10.69743
276	10.69731
278	10.697
280	10.69699
282	10.69691
284	10.69687
286	10.69678
288	10.69693
290	10.69662
292	10.69694
294	10.69706
296	10.6969
298	10.69659
300	10.69656
302	10.69693
304	10.69703
306	10.6967
308	10.6963
310	10.69583
312	10.69452
314	10.69176
316	10.68704
318	10.68061
320	10.67418
322	10.66797
324	10.66181
326	10.65607
328	10.65062
330	10.64566
332	10.64069
334	10.63636
336	10.63275
338	10.62988
340	10.62786
342	10.62647
344	10.62496
346	10.62365
348	10.6224
350	10.62156
352	10.62112
354	10.62064
356	10.6204
358	10.62058
360	10.62082
362	10.62094
364	10.62088
366	10.62117
368	10.62173
370	10.62252
372	10.62297
374	10.6232
376	10.62373
378	10.62442
380	10.62503
382	10.6259
384	10.62674
386	10.62731
388	10.6279
390	10.62869
392	10.62954
394	10.63038
396	10.63102
398	10.63205
400	10.63285
402	10.63351
404	10.63463
406	10.63558
408	10.63669
410	10.63763
412	10.63832
414	10.63918
416	10.64062
418	10.64153
420	10.64215
422	10.64334
424	10.64395
426	10.6448
428	10.64583
430	10.64663
432	10.64742
434	10.64873
436	10.64981
438	10.65038
440	10.65116
442	10.65185
444	10.65269
446	10.65363
448	10.65472
450	10.6555
452	10.65581
454	10.65653
456	10.65713
458	10.65781
460	10.65893
462	10.65959
464	10.65995
466	10.66095
468	10.66124
470	10.66197
472	10.66259
474	10.66308
476	10.66392
478	10.66486
480	10.66551
482	10.66616
484	10.66664
486	10.66709
488	10.66756
490	10.66791
492	10.66892
494	10.66965
496	10.66992
498	10.67018
500	10.67079
502	10.67153
504	10.67198
506	10.67221
508	10.67281
510	10.67307
512	10.67331
514	10.67384
516	10.67429
518	10.67477
520	10.67519
522	10.67555
524	10.67574
526	10.67632
528	10.67694
530	10.67753
532	10.6774
534	10.67747
536	10.6781
538	10.6788
540	10.67916
542	10.67957
544	10.67972
546	10.6799
548	10.68007
550	10.68028
552	10.68053
554	10.6805
556	10.68083
558	10.68108
560	10.68123
562	10.68167
564	10.68228
566	10.68245
568	10.68286
570	10.68322
572	10.68362
574	10.68404
576	10.68408
578	10.68397
580	10.68375
582	10.68447
584	10.68445
586	10.68472
588	10.68498
590	10.68483
592	10.68448
594	10.68484
596	10.6852
598	10.6856
600	10.68588
602	10.68586
604	10.68615
606	10.68639
608	10.68641
610	10.68667
612	10.68704
614	10.68715
616	10.68706
618	10.68708
620	10.68763
622	10.68797
624	10.68821
626	10.68826
628	10.6882
630	10.68822
632	10.68835
634	10.6885
636	10.68866
638	10.68891
640	10.68887
642	10.68918
644	10.68926
646	10.68909
648	10.68927
650	10.68964
652	10.68968
654	10.68968
656	10.68993
658	10.68975
660	10.68963
662	10.68966
664	10.69028
666	10.69074
668	10.69077
670	10.69072
672	10.69072
674	10.69107
676	10.69078
678	10.69052
680	10.69088
682	10.69091
684	10.69083
686	10.69081
688	10.6909
690	10.69096
692	10.69103
694	10.69128
696	10.69152
698	10.69172
700	10.69168
702	10.69158
704	10.69149
706	10.6916
708	10.69172
710	10.6918
712	10.69193
714	10.69179
716	10.69163
718	10.69163
720	10.69156
722	10.69182
724	10.69206
726	10.69224
728	10.69239
730	10.69229
732	10.69246
734	10.69237
736	10.69203
738	10.69225
740	10.69238
742	10.69249
744	10.69268
746	10.69283
748	10.69271
750	10.6927
752	10.69279
754	10.69306
756	10.69325
758	10.69322
760	10.69315
762	10.69322
764	10.69312
766	10.69325
768	10.69326
770	10.69311
772	10.69282
774	10.69309
776	10.69306
778	10.69317
780	10.69304
782	10.69314
784	10.69324
786	10.69321
788	10.69306
790	10.69314
792	10.69322
794	10.69332
796	10.69367
798	10.69402
800	10.69408
802	10.69411
804	10.6939
806	10.69399
808	10.6939
810	10.69394
812	10.69382
814	10.69381
816	10.69386
818	10.69396
820	10.69395
822	10.69401
824	10.69399
826	10.6939
828	10.69415
830	10.69431
832	10.69435
834	10.69408
836	10.69387
838	10.69413
840	10.6941
842	10.69417
844	10.6942
846	10.69447
848	10.69436
850	10.69422
852	10.69422
854	10.69417
856	10.69418
858	10.69429
860	10.69414
862	10.69444
864	10.69449
866	10.69435
868	10.69396
870	10.6942
872	10.69457
874	10.69435
876	10.69431
878	10.69437
880	10.69429
882	10.6943
884	10.69437
886	10.69417
888	10.69414
890	10.69437
892	10.69411
894	10.69411
896	10.69417
898	10.69421
900	10.69414
902	10.69418
904	10.69437
906	10.69393
908	10.69351
910	10.69245
912	10.68965
914	10.68544
916	10.68059
918	10.67573
920	10.67141
922	10.66698
924	10.66268
926	10.65837
928	10.65449
930	10.65075
932	10.64697
934	10.64337
936	10.63961
938	10.63596
940	10.6322
942	10.62845
944	10.62483
946	10.62119
948	10.61769
950	10.61457
952	10.61117
954	10.60786
956	10.60465
958	10.60174
960	10.59903
962	10.59606
964	10.59336
966	10.59092
968	10.58823
970	10.58589
972	10.58374
974	10.5815
976	10.57908
978	10.57675
980	10.57456
982	10.57294
984	10.57119
986	10.56962
988	10.56778
990	10.56617
992	10.5645
994	10.56278
996	10.56121
998	10.56009
1000	10.55885
1002	10.55752
1004	10.55641
1006	10.55541
1008	10.55424
1010	10.55321
1012	10.55215
1014	10.55103
1016	10.5501
1018	10.54922
1020	10.54847
1022	10.54747
1024	10.54669
1026	10.54606
1028	10.54522
1030	10.54421
1032	10.54358
1034	10.54317
1036	10.54306
1038	10.54275
1040	10.54222
1042	10.54173
1044	10.54127
1046	10.54083
1048	10.54046
1050	10.53991
1052	10.5397
1054	10.53929
1056	10.53889
1058	10.53861
1060	10.5383
1062	10.53819
1064	10.53812
1066	10.53797
1068	10.53802
1070	10.53773
1072	10.53755
1074	10.5373
1076	10.53726
1078	10.53673
1080	10.53665
1082	10.53669
1084	10.5366
1086	10.5363
1088	10.53632
1090	10.53622
1092	10.53603
1094	10.53614
1096	10.53635
1098	10.53649
1100	10.53583
1102	10.53562
1104	10.53584
1106	10.53628
1108	10.53724
1110	10.5381
1112	10.53895
1114	10.54021
1116	10.54151
1118	10.54245
1120	10.54364
1122	10.54489
1124	10.54596
1126	10.54687
1128	10.54808
1130	10.54896
1132	10.55003
1134	10.5512
1136	10.55247
1138	10.55347
1140	10.55436
1142	10.55522
1144	10.5564
1146	10.55738
1148	10.5583
1150	10.55914
1152	10.56017
1154	10.56085
1156	10.56183
1158	10.56268
1160	10.56361
1162	10.56456
1164	10.56557
1166	10.56683
1168	10.56754
1170	10.56826
1172	10.56931
1174	10.57033
1176	10.57127
1178	10.57196
1180	10.57291
1182	10.57382
1184	10.57471
1186	10.57577
1188	10.57659
1190	10.57745
1192	10.57838
1194	10.57944
1196	10.58037
1198	10.58115
1200	10.58204
1202	10.583
1204	10.58379
1206	10.58468
1208	10.58538
1210	10.58601
1212	10.58652
1214	10.58757
1216	10.58863
1218	10.58926
1220	10.58973
1222	10.59061
1224	10.59126
1226	10.59176
1228	10.59266
1230	10.59308
1232	10.59365
1234	10.59421
1236	10.59497
1238	10.59568
1240	10.59629
1242	10.59702
1244	10.59757
1246	10.59808
1248	10.59832
1250	10.59876
1252	10.59956
1254	10.60047
1256	10.60107
1258	10.60145
1260	10.60175
1262	10.60224
1264	10.60286
1266	10.60302
1268	10.60319
1270	10.60409
1272	10.60462
1274	10.60522
1276	10.60564
1278	10.60571
1280	10.60621
1282	10.60712
1284	10.60814
1286	10.60858
1288	10.60875
1290	10.60927
1292	10.6095
1294	10.61003
1296	10.61049
1298	10.61081
1300	10.61084
1302	10.61159
1304	10.6118
1306	10.61243
1308	10.613
1310	10.61342
1312	10.61363
1314	10.61353
1316	10.61385
1318	10.61466
1320	10.61518
1322	10.61537
1324	10.61579
1326	10.61627
1328	10.61631
1330	10.6163
1332	10.61671
1334	10.61735
1336	10.61785
1338	10.61796
1340	10.61823
1342	10.61885
1344	10.61914
1346	10.61902
1348	10.6196
1350	10.62002
1352	10.62015
1354	10.62056
1356	10.62093
1358	10.62143
1360	10.62149
1362	10.62197
1364	10.62225
1366	10.62261
1368	10.62289
1370	10.62309
1372	10.62331
1374	10.62358
1376	10.6236
1378	10.62388
1380	10.6242
1382	10.62425
1384	10.62418
1386	10.62442
1388	10.62497
1390	10.6252
1392	10.62561
1394	10.62574
1396	10.62614
1398	10.62636
1400	10.62641
1402	10.62626
1404	10.62617
1406	10.62632
1408	10.6268
1410	10.62746
1412	10.62781
1414	10.62798
1416	10.62836
1418	10.62869
1420	10.6285
1422	10.62862
1424	10.62872
1426	10.62872
1428	10.6293
1430	10.62965
1432	10.62984
1434	10.63021
1436	10.63038
1438	10.63048
1440	10.63098
1442	10.63118
1444	10.63088
1446	10.63123
1448	10.63148
1450	10.63158
1452	10.63168
1454	10.63184
1456	10.63199
1458	10.63243
1460	10.63287
1462	10.63329
1464	10.63325
1466	10.63298
1468	10.63315
1470	10.63321
1472	10.63331
1474	10.63349
1476	10.63359
1478	10.63407
1480	10.63431
1482	10.63448
1484	10.63442
1486	10.63436
1488	10.63447
1490	10.63472
1492	10.63514
1494	10.63544
1496	10.63558
1498	10.63545
1500	10.63575
1502	10.63618
1504	10.63649
1506	10.63621
1508	10.63628
1510	10.63651
1512	10.63664
1514	10.63662
1516	10.63665
1518	10.63694
1520	10.63699
1522	10.63734
1524	10.63757
1526	10.63754
1528	10.6377
1530	10.63761
1532	10.63791
1534	10.63796
1536	10.63837
1538	10.63864
1540	10.63859
1542	10.63892
1544	10.63923
1546	10.63932
1548	10.63952
1550	10.63964
1552	10.63958
1554	10.63978
1556	10.64
1558	10.64022
1560	10.64015
1562	10.64041
1564	10.64051
1566	10.64043
1568	10.6406
1570	10.64047
1572	10.64053
1574	10.64061
1576	10.64129
1578	10.64129
1580	10.64126
1582	10.64118
1584	10.64122
1586	10.64138
1588	10.64132
1590	10.64148
1592	10.64191
1594	10.64254
1596	10.64265
1598	10.6425
1600	10.6424
1602	10.64221
1604	10.64224
1606	10.6425
1608	10.64239
1610	10.64276
1612	10.64327
1614	10.64338
1616	10.64361
1618	10.64375
1620	10.64381
1622	10.64393
1624	10.64387
1626	10.64385
1628	10.64392
1630	10.64401
1632	10.64449
1634	10.64473
1636	10.64485
1638	10.64477
1640	10.64477
1642	10.64492
1644	10.64494
1646	10.64513
1648	10.6453
1650	10.64553
1652	10.64554
1654	10.64576
1656	10.64593
1658	10.64598
1660	10.64604
1662	10.64593
1664	10.646
1666	10.6467
1668	10.64681
1670	10.64691
1672	10.647
1674	10.64673
1676	10.64691
1678	10.64711
1680	10.64694
1682	10.64719
1684	10.64756
1686	10.64756
1688	10.64763
1690	10.64787
1692	10.6479
1694	10.648
1696	10.64824
1698	10.64829
1700	10.64834
1702	10.64839
1704	10.64847
1706	10.64861
1708	10.64888
1710	10.64905
1712	10.64903
1714	10.64884
1716	10.64911
1718	10.64931
1720	10.64933
1722	10.6493
1724	10.64971
1726	10.64986
1728	10.64964
1730	10.64971
1732	10.64993
1734	10.65006
1736	10.65016
1738	10.65026
1740	10.65034
1742	10.65069
1744	10.65051
1746	10.65039
1748	10.65099
1750	10.65098
1752	10.65116
1754	10.65092
1756	10.65095
1758	10.651
1760	10.65125
1762	10.65144
1764	10.65179
1766	10.65175
1768	10.65174
1770	10.65182
1772	10.6523
1774	10.65226
1776	10.65188
1778	10.65186
1780	10.65206
1782	10.65222
1784	10.65255
1786	10.65292
1788	10.65283
1790	10.65259
1792	10.65229
1794	10.65227
1796	10.6529
1798	10.65319
1800	10.65328
1802	10.65331
1804	10.65343
1806	10.65344
1808	10.65352
1810	10.65391
1812	10.65389
1814	10.65374
1816	10.65397
1818	10.65399
1820	10.65419
1822	10.654
1824	10.65424
1826	10.6543
1828	10.65444
1830	10.65469
1832	10.65464
1834	10.65468
1836	10.65441
1838	10.65449
1840	10.65463
1842	10.65479
1844	10.65482
1846	10.6549
1848	10.65515
1850	10.65515
1852	10.65533
1854	10.65555
1856	10.65579
1858	10.65593
1860	10.65573
1862	10.65608
1864	10.65595
1866	10.65578
1868	10.65562
1870	10.65577
1872	10.65645
1874	10.65645
1876	10.65602
1878	10.65609
1880	10.65631
1882	10.65631
1884	10.65631
1886	10.65656
1888	10.6567
1890	10.65673
1892	10.65649
1894	10.6566
1896	10.65678
1898	10.65698
1900	10.6572
1902	10.65755
1904	10.65763
1906	10.65772
1908	10.65772
1910	10.6577
1912	10.65756
1914	10.65758
1916	10.65768
1918	10.65778
1920	10.65826
1922	10.65858
1924	10.6585
1926	10.65872
1928	10.65884
1930	10.65887
1932	10.6588
1934	10.65875
1936	10.65859
1938	10.65885
1940	10.65931
1942	10.65946
1944	10.65902
1946	10.65891
1948	10.65913
1950	10.65916
1952	10.65946
1954	10.65976
1956	10.65996
1958	10.65976
1960	10.66003
1962	10.66014
1964	10.66002
1966	10.65979
1968	10.65993
1970	10.6602
1972	10.66
1974	10.65983
1976	10.65987
1978	10.66019
1980	10.6606
1982	10.66053
1984	10.66067
1986	10.66075
1988	10.6608
1990	10.66032
1992	10.6605
1994	10.66085
1996	10.66108
1998	10.66082
2000	10.66104
2002	10.66128
2004	10.66139
2006	10.66153
2008	10.6614
2010	10.66114
2012	10.66114
2014	10.66155
2016	10.66174
2018	10.66183
2020	10.662
2022	10.66218
2024	10.66244
2026	10.66231
2028	10.66253
2030	10.66288
2032	10.6627
2034	10.66229
2036	10.66263
2038	10.66299
2040	10.66304
2042	10.66278
2044	10.66299
2046	10.6634
2048	10.6635
2050	10.66346
2052	10.66336
2054	10.66351
2056	10.66353
2058	10.66357
2060	10.6638
2062	10.6637
2064	10.66368
2066	10.66404
2068	10.6643
2070	10.66402
2072	10.66384
2074	10.66399
2076	10.66414
2078	10.66412
2080	10.66407
2082	10.664
2084	10.66435
2086	10.66459
2088	10.66478
2090	10.66496
2092	10.66466
2094	10.6647
2096	10.66469
2098	10.66472
2100	10.66463
2102	10.66499
2104	10.66502
2106	10.66479
2108	10.66489
2110	10.66545
2112	10.66528
2114	10.66527
2116	10.66562
2118	10.66572
2120	10.66595
2122	10.66611
2124	10.66546
2126	10.6654
2128	10.66561
2130	10.66551
2132	10.66552
2134	10.66573
2136	10.66581
2138	10.66625
2140	10.66641
2142	10.66633
2144	10.66633
2146	10.66664
2148	10.66698
2150	10.66707
2152	10.66718
2154	10.66726
2156	10.66693
2158	10.66703
2160	10.66729
2162	10.66739
2164	10.6676
2166	10.66762
2168	10.66733
2170	10.66716
2172	10.66719
2174	10.66728
2176	10.66741
2178	10.66739
2180	10.66763
2182	10.66793
2184	10.66809
2186	10.66803
2188	10.66816
2190	10.66838
2192	10.66842
2194	10.66864
2196	10.66877
2198	10.66859
2200	10.66891
2202	10.66865
2204	10.66872
2206	10.66882
2208	10.66878
2210	10.66861
2212	10.66877
2214	10.66903
2216	10.66936
2218	10.66941
2220	10.66918
2222	10.66919
2224	10.66924
2226	10.66889
2228	10.66865
2230	10.66853
2232	10.66886
2234	10.66944
2236	10.66961
2238	10.66946
2240	10.66934
2242	10.66973
2244	10.67008
2246	10.67009
2248	10.66977
2250	10.66971
2252	10.66968
2254	10.6699
2256	10.67003
2258	10.67018
2260	10.67006
2262	10.67008
2264	10.67003
2266	10.66996
2268	10.67025
2270	10.67027
2272	10.67018
2274	10.67048
2276	10.67047
2278	10.67047
2280	10.67082
2282	10.67078
2284	10.67084
2286	10.67102
2288	10.67122
2290	10.67116
2292	10.67128
2294	10.67132
2296	10.67128
2298	10.67155
2300	10.67138
2302	10.67133
2304	10.67145
2306	10.67155
2308	10.67167
2310	10.67175
2312	10.67174
2314	10.67186
2316	10.672
2318	10.67215
2320	10.67252
2322	10.67249
2324	10.67224
2326	10.67184
2328	10.67204
2330	10.67224
2332	10.67217
2334	10.67239
2336	10.6725
2338	10.67261
2340	10.67242
2342	10.67246
2344	10.67264
2346	10.67295
2348	10.67291
2350	10.67298
2352	10.67317
2354	10.67348
2356	10.67357
2358	10.6732
2360	10.67283
2362	10.67265
2364	10.67301
2366	10.6731
2368	10.67362
2370	10.67383
2372	10.67381
2374	10.67388
2376	10.67397
2378	10.67392
2380	10.67367
2382	10.67341
2384	10.67357
2386	10.67403
2388	10.67414
2390	10.67399
2392	10.67425
2394	10.67416
2396	10.67425
2398	10.67427
2400	10.67395
2402	10.67397
2404	10.67391
2406	10.67397
2408	10.67399
2410	10.67395
2412	10.67397
2414	10.67396
2416	10.67391
2418	10.67391
2420	10.67413
2422	10.67448
2424	10.67442
2426	10.67486
2428	10.67522
2430	10.67493
2432	10.67486
2434	10.6748
2436	10.67447
2438	10.67423
2440	10.67436
2442	10.67449
2444	10.67445
2446	10.6747
2448	10.67471
2450	10.67465
2452	10.67479
2454	10.67467
2456	10.67471
2458	10.67464
2460	10.67526
2462	10.67541
2464	10.67554
2466	10.67556
2468	10.67548
2470	10.67533
2472	10.67514
2474	10.67515
2476	10.67533
2478	10.67553
2480	10.67542
2482	10.67586
2484	10.67582
2486	10.67607
2488	10.67615
2490	10.67614
2492	10.67606
2494	10.67594
2496	10.67572
2498	10.67611
2500	10.67587
2502	10.67583
2504	10.67599
2506	10.67598
2508	10.6763
2510	10.67621
2512	10.67634
2514	10.67651
2516	10.67652
2518	10.67646
2520	10.67642
2522	10.67644
2524	10.67658
2526	10.67624
2528	10.6762
2530	10.67621
2532	10.6765
2534	10.67681
2536	10.67678
2538	10.67695
2540	10.67703
2542	10.67696
2544	10.67689
2546	10.677
2548	10.67748
2550	10.67765
2552	10.6776
2554	10.67777
2556	10.67749
2558	10.67747
2560	10.67731
2562	10.6774
2564	10.67751
2566	10.6775
2568	10.6775
2570	10.67757
2572	10.6781
2574	10.67798
2576	10.67792
2578	10.67816
2580	10.67799
2582	10.67804
2584	10.67824
2586	10.67845
2588	10.67839
2590	10.67841
2592	10.67818
2594	10.67812
2596	10.67825
2598	10.67858
2600	10.67863
2602	10.67868
2604	10.67868
2606	10.67893
2608	10.67866
2610	10.67868
2612	10.67864
2614	10.67859
2616	10.67882
2618	10.67893
2620	10.67926
2622	10.67921
2624	10.67903
2626	10.67893
2628	10.67893
2630	10.67906
2632	10.67921
2634	10.6794
2636	10.67954
2638	10.67964
2640	10.67962
2642	10.67967
2644	10.67955
2646	10.67955
2648	10.67954
2650	10.67969
2652	10.67991
2654	10.68006
2656	10.68018
2658	10.67984
2660	10.67956
2662	10.6795
2664	10.67968
2666	10.68004
2668	10.68023
2670	10.68014
2672	10.68
2674	10.68
2676	10.68018
2678	10.68018
2680	10.68015
2682	10.68001
2684	10.67993
2686	10.67991
2688	10.68016
2690	10.67982
2692	10.67978
2694	10.67989
2696	10.68004
2698	10.68026
2700	10.68079
2702	10.68092
2704	10.68069
2706	10.6804
2708	10.68062
2710	10.68068
2712	10.68047
2714	10.68061
2716	10.68068
2718	10.68075
2720	10.68074
2722	10.68065
2724	10.68078
2726	10.68093
2728	10.68095
2730	10.68111
2732	10.68108
2734	10.68101
2736	10.68071
2738	10.68076
2740	10.68091
2742	10.68075
2744	10.68078
2746	10.68118
2748	10.68134
2750	10.68137
2752	10.6813
2754	10.68121
2756	10.68117
2758	10.68176
2760	10.68166
2762	10.68137
2764	10.68158
2766	10.68162
2768	10.68166
2770	10.6817
2772	10.68198
2774	10.68212
2776	10.68174
2778	10.6819
2780	10.68208
2782	10.68189
2784	10.68178
2786	10.68202
2788	10.68214
2790	10.68209
2792	10.68196
2794	10.68177
2796	10.68212
2798	10.68209
2800	10.68195
2802	10.68205
2804	10.6821
2806	10.68209
2808	10.6823
2810	10.6825
2812	10.68225
2814	10.6822
2816	10.68222
2818	10.68221
2820	10.68232
2822	10.6824
2824	10.68228
2826	10.6825
2828	10.68269
2830	10.68259
2832	10.68288
2834	10.68301
2836	10.68294
2838	10.68282
2840	10.68293
2842	10.68282
2844	10.6828
2846	10.68299
2848	10.68307
2850	10.6828
2852	10.68295
2854	10.68323
2856	10.68347
2858	10.68338
2860	10.6834
2862	10.68349
2864	10.68352
2866	10.68353
2868	10.68375
2870	10.68363
2872	10.68339
2874	10.68321
2876	10.68338
2878	10.6839
2880	10.68382
2882	10.68368
2884	10.68357
2886	10.68345
2888	10.68324
2890	10.68342
2892	10.68382
2894	10.68396
2896	10.68391
2898	10.68371
2900	10.68347
2902	10.68374
2904	10.68382
2906	10.68345
2908	10.68304
2910	10.68296
2912	10.68266
2914	10.68135
2916	10.67944
2918	10.67691
2920	10.67476
2922	10.67242
2924	10.67021
2926	10.66775
2928	10.66581
2930	10.66393
2932	10.66167
2934	10.65973
2936	10.65777
2938	10.65564
2940	10.65374
2942	10.65176
2944	10.64981
2946	10.64792
2948	10.64597
2950	10.64384
2952	10.64197
2954	10.64055
2956	10.63898
2958	10.63705
2960	10.63556
2962	10.63385
2964	10.63196
2966	10.63066
2968	10.62903
2970	10.62721
2972	10.62584
2974	10.62414
2976	10.62267
2978	10.6215
2980	10.6199
2982	10.6184
2984	10.61708
2986	10.61565
2988	10.61437
2990	10.61308
2992	10.61172
2994	10.61058
2996	10.60948
2998	10.60853
3000	10.60755
3002	10.60667
3004	10.60552
3006	10.60404
3008	10.60329
3010	10.60259
3012	10.6022
3014	10.60202
3016	10.60224
3018	10.60215
3020	10.60241
3022	10.60287
3024	10.60365
3026	10.6042
3028	10.60439
3030	10.60482
3032	10.6054
3034	10.60603
3036	10.60659
3038	10.60695
3040	10.60713
3042	10.6076
3044	10.60821
3046	10.60892
3048	10.60924
3050	10.60983
3052	10.61039
3054	10.61099
3056	10.61124
3058	10.61158
3060	10.61211
3062	10.61276
3064	10.61319
3066	10.61396
3068	10.61459
3070	10.61514
3072	10.61595
3074	10.61661
3076	10.61709
3078	10.61771
3080	10.61869
3082	10.6192
3084	10.61929
3086	10.61961
3088	10.62054
3090	10.62114
3092	10.62158
3094	10.62226
3096	10.62281
3098	10.62334
3100	10.62365
3102	10.62423
3104	10.62497
3106	10.62533
3108	10.62594
3110	10.62656
3112	10.6268
3114	10.62735
3116	10.62794
3118	10.62861
3120	10.62913
3122	10.62967
3124	10.63044
3126	10.63072
3128	10.63135
3130	10.63166
3132	10.63237
3134	10.6324
3136	10.63272
3138	10.63325
3140	10.63397
3142	10.63482
3144	10.63513
3146	10.6356
3148	10.63612
3150	10.63633
3152	10.63665
3154	10.6371
3156	10.63746
3158	10.63774
3160	10.63794
3162	10.63794
3164	10.63873
3166	10.63949
3168	10.63962
3170	10.64013
3172	10.64071
3174	10.64064
3176	10.64061
3178	10.64083
3180	10.64122
3182	10.64179
3184	10.64236
3186	10.64301
3188	10.6431
3190	10.64316
3192	10.64351
3194	10.64368
3196	10.64389
3198	10.64437
3200	10.64484
3202	10.64516
3204	10.64541
3206	10.64558
3208	10.64559
3210	10.64579
3212	10.64606
3214	10.6466
3216	10.64669
3218	10.6469
3220	10.64716
3222	10.64732
3224	10.64748
3226	10.64747
3228	10.64786
3230	10.64835
3232	10.64836
3234	10.64855
3236	10.64892
3238	10.64947
3240	10.64955
3242	10.6496
3244	10.64956
3246	10.64976
3248	10.64992
3250	10.64967
3252	10.64975
3254	10.65043
3256	10.65111
3258	10.65114
3260	10.65108
3262	10.65152
3264	10.65142
3266	10.6515
3268	10.65159
3270	10.65184
3272	10.65205
3274	10.65229
3276	10.6521
3278	10.65234
3280	10.65288
3282	10.6534
3284	10.65352
3286	10.65355
3288	10.65382
3290	10.65385
3292	10.65395
3294	10.65424
3296	10.65413
3298	10.65398
3300	10.65447
3302	10.65478
3304	10.65483
3306	10.6552
3308	10.65529
3310	10.65564
3312	10.65583
3314	10.65587
3316	10.65562
3318	10.65592
3320	10.65606
3322	10.65631
3324	10.65628
3326	10.65616
3328	10.65643
3330	10.65672
3332	10.65692
3334	10.65684
3336	10.65685
3338	10.65714
3340	10.65717
3342	10.65732
3344	10.65729
3346	10.65765
3348	10.65782
3350	10.65756
3352	10.65797
3354	10.65809
3356	10.6582
3358	10.65807
3360	10.65815
3362	10.65845
3364	10.65873
3366	10.65896
3368	10.65886
3370	10.65895
3372	10.65955
3374	10.65942
3376	10.65943
3378	10.65927
3380	10.65949
3382	10.65963
3384	10.65965
3386	10.65989
3388	10.66013
3390	10.66006
3392	10.66011
3394	10.66046
3396	10.66051
3398	10.6605
3400	10.66078
3402	10.66054
3404	10.66067
3406	10.6606
3408	10.66043
3410	10.66069
3412	10.66088
3414	10.66108
3416	10.6613
3418	10.66125
3420	10.66154
3422	10.66173
3424	10.66203
3426	10.66222
3428	10.6619
3430	10.66173
3432	10.66185
3434	10.66197
3436	10.66222
3438	10.66239
3440	10.66224
3442	10.66225
3444	10.6622
3446	10.6625
3448	10.66276
3450	10.66269
3452	10.66289
3454	10.66328
3456	10.6632
3458	10.66284
3460	10.66307
3462	10.66308
3464	10.66319
3466	10.66353
3468	10.66381
3470	10.66408
3472	10.6642
3474	10.6643
3476	10.66404
3478	10.66379
3480	10.66369
3482	10.66372
3484	10.66372
3486	10.66376
3488	10.66383
3490	10.66422
3492	10.66442
3494	10.6647
3496	10.66471
3498	10.66468
3500	10.66482
3502	10.66483
3504	10.665
3506	10.66505
3508	10.66495
3510	10.6652
3512	10.66551
3514	10.66556
3516	10.66545
3518	10.66536
3520	10.66519
3522	10.66537
3524	10.66572
3526	10.66579
3528	10.66545
3530	10.66585
3532	10.66602
3534	10.6659
3536	10.66591
3538	10.66607
3540	10.66643
3542	10.66673
3544	10.66662
3546	10.66651
3548	10.66628
3550	10.66614
3552	10.66619
3554	10.66645
3556	10.66663
3558	10.66664
3560	10.66634
3562	10.66648
3564	10.66667
3566	10.6667
3568	10.66688
3570	10.66695
3572	10.66716
3574	10.66739
3576	10.66741
3578	10.66732
3580	10.66735
3582	10.66751
3584	10.66733
3586	10.66776
3588	10.66766
3590	10.66777
3592	10.66783
3594	10.66805
3596	10.66818
3598	10.66832
3600	10.66825
3602	10.66801
3604	10.66776
3606	10.66796
3608	10.66814
3610	10.66832
3612	10.66831
3614	10.66827
3616	10.66801
3618	10.66832
3620	10.66875
3622	10.66906
3624	10.66906
3626	10.66869
3628	10.66863
3630	10.66879
3632	10.66905
3634	10.66925
3636	10.66943
3638	10.66946
3640	10.66952
3642	10.66958
3644	10.66975
3646	10.66935
3648	10.66938
3650	10.66975
3652	10.66953
3654	10.66961
3656	10.67005
3658	10.66987
3660	10.67003
3662	10.67022
3664	10.66994
3666	10.67018
3668	10.67022
3670	10.67034
3672	10.67052
3674	10.6706
3676	10.67054
3678	10.67039
3680	10.67039
3682	10.67071
3684	10.67066
3686	10.67029
3688	10.67054
3690	10.67053
3692	10.67012
3694	10.67014
3696	10.67039
3698	10.67079
3700	10.67067
3702	10.67074
3704	10.67094
3706	10.67109
3708	10.67071
3710	10.67061
3712	10.67091
3714	10.6709
3716	10.67093
3718	10.67139
3720	10.67171
3722	10.67176
3724	10.6718
3726	10.67174
3728	10.67158
3730	10.67135
3732	10.67162
3734	10.67198
3736	10.67199
3738	10.67197
3740	10.67225
3742	10.67202
3744	10.67205
3746	10.67208
3748	10.67211
3750	10.67208
3752	10.67235
3754	10.67251
3756	10.67266
3758	10.67284
3760	10.67265
3762	10.67266
3764	10.67251
3766	10.67289
3768	10.67294
3770	10.67296
3772	10.67295
3774	10.67309
3776	10.67293
3778	10.67309
3780	10.67322
3782	10.67308
3784	10.673
3786	10.67296
3788	10.6732
3790	10.67336
3792	10.67345
3794	10.67361
3796	10.67354
3798	10.67358
3800	10.67338
3802	10.67372
3804	10.67354
3806	10.67329
3808	10.67339
3810	10.67346
3812	10.6732
3814	10.67355
3816	10.674
3818	10.67393
3820	10.67389
3822	10.67401
3824	10.67399
3826	10.67398
3828	10.67411
3830	10.67432
3832	10.6744
3834	10.67409
3836	10.67406
3838	10.67442
3840	10.67451
3842	10.67449
3844	10.6746
3846	10.67463
3848	10.6745
3850	10.67455
3852	10.67465
3854	10.67478
3856	10.67504
3858	10.67513
3860	10.67491
3862	10.67503
3864	10.67509
3866	10.67491
3868	10.67504
3870	10.67501
3872	10.67522
3874	10.67531
3876	10.67518
3878	10.67533
3880	10.67543
3882	10.67547
3884	10.67574
3886	10.67587
3888	10.67577
3890	10.67571
3892	10.67555
3894	10.67592
3896	10.676
3898	10.67577
3900	10.67576
3902	10.67562
3904	10.67598
3906	10.67603
3908	10.67602
3910	10.6762
3912	10.67629
3914	10.67647
3916	10.67625
3918	10.67622
3920	10.67632
3922	10.6763
3924	10.67632
3926	10.67631
3928	10.67652
3930	10.67651
3932	10.67647
3934	10.67672
3936	10.67662
3938	10.67666
3940	10.67675
3942	10.67672
3944	10.67684
3946	10.67694
3948	10.67691
3950	10.67697
3952	10.67736
3954	10.67717
3956	10.67731
3958	10.67744
3960	10.67727
3962	10.67747
3964	10.67771
3966	10.67755
3968	10.67747
3970	10.6775
3972	10.67766
3974	10.67765
3976	10.67737
3978	10.67733
3980	10.67725
3982	10.67727
3984	10.67755
3986	10.67793
3988	10.67799
3990	10.67772
3992	10.67756
3994	10.67788
3996	10.67805
3998	10.678
4000	10.67811
4002	10.67836
4004	10.67857
4006	10.67859
4008	10.67844
4010	10.67835
4012	10.67832
4014	10.67829
4016	10.67809
4018	10.67803
4020	10.67788
4022	10.67785
4024	10.67805
4026	10.67809
4028	10.67844
4030	10.67875
4032	10.67882
4034	10.67919
4036	10.6793
4038	10.67937
4040	10.67935
4042	10.67907
4044	10.67894
4046	10.67892
4048	10.67906
4050	10.679
4052	10.67924
4054	10.67918
4056	10.67921
4058	10.6793
4060	10.6793
4062	10.67935
4064	10.67956
4066	10.67955
4068	10.67932
4070	10.67925
4072	10.67928
4074	10.67943
4076	10.67967
4078	10.67969
4080	10.67937
4082	10.67924
4084	10.67935
4086	10.6795
4088	10.67979
4090	10.68014
4092	10.67996
4094	10.6796
4096	10.6797
4098	10.67987
4100	10.68003
4102	10.67993
4104	10.68033
4106	10.6804
4108	10.68028
4110	10.68049
4112	10.68009
4114	10.6789
4116	10.6771
4118	10.67531
4120	10.67328
4122	10.67143
4124	10.66952
4126	10.66729
4128	10.66541
4130	10.66356
4132	10.66168
4134	10.66
4136	10.65856
4138	10.65697
4140	10.65493
4142	10.65296
4144	10.65119
4146	10.65007
4148	10.64874
4150	10.64737
4152	10.64573
4154	10.64418
4156	10.64273
4158	10.64113
4160	10.63945
4162	10.63827
4164	10.63669
4166	10.63522
4168	10.63366
4170	10.63237
4172	10.63083
4174	10.6295
4176	10.62817
4178	10.62688
4180	10.6256
4182	10.62449
4184	10.62353
4186	10.6221
4188	10.6211
4190	10.61991
4192	10.61893
4194	10.61783
4196	10.61626
4198	10.61515
4200	10.6144
4202	10.61335
4204	10.61251
4206	10.61132
4208	10.61058
4210	10.60949
4212	10.60832
4214	10.60732
4216	10.60666
4218	10.6055
4220	10.60466
4222	10.60381
4224	10.60284
4226	10.60216
4228	10.60123
4230	10.60053
4232	10.5999
4234	10.59912
4236	10.59851
4238	10.59783
4240	10.59725
4242	10.59671
4244	10.59608
4246	10.5955
4248	10.59463
4250	10.59401
4252	10.59363
4254	10.59303
4256	10.59253
4258	10.592
4260	10.59133
4262	10.59083
4264	10.59025
4266	10.5897
4268	10.58933
4270	10.58893
4272	10.58839
4274	10.58779
4276	10.58747
4278	10.58689
4280	10.58641
4282	10.58566
4284	10.58503
4286	10.58479
4288	10.58447
4290	10.58413
4292	10.58361
4294	10.58347
4296	10.58314
4298	10.58269
4300	10.58228
4302	10.58182
4304	10.58147
4306	10.5813
4308	10.58163
4310	10.58178
4312	10.58206
4314	10.5826
4316	10.583
4318	10.58333
4320	10.58399
4322	10.58449
4324	10.58505
4326	10.58564
4328	10.5864
4330	10.58724
4332	10.58772
4334	10.58781
4336	10.58854
4338	10.58907
4340	10.58949
4342	10.59023
4344	10.59076
4346	10.59126
4348	10.59151
4350	10.59197
4352	10.59243
4354	10.59298
4356	10.59353
4358	10.59392
4360	10.59448
4362	10.59526
4364	10.59574
4366	10.59627
4368	10.59649
4370	10.59693
4372	10.59776
4374	10.59859
4376	10.59911
4378	10.59942
4380	10.59995
4382	10.60035
4384	10.60077
4386	10.60113
4388	10.60155
4390	10.60207
4392	10.60249
4394	10.60322
4396	10.60356
4398	10.60415
4400	10.60459
4402	10.60507
4404	10.60573
4406	10.60655
4408	10.60675
4410	10.60704
4412	10.60733
4414	10.60791
4416	10.60819
4418	10.60852
4420	10.6092
4422	10.60963
4424	10.60997
4426	10.61
4428	10.61026
4430	10.61103
4432	10.61166
4434	10.6118
4436	10.61223
4438	10.61231
4440	10.6128
4442	10.61317
4444	10.61339
4446	10.61372
4448	10.61417
4450	10.61445
4452	10.61452
4454	10.61474
4456	10.61511
4458	10.61572
4460	10.6163
4462	10.61657
4464	10.6171
4466	10.61716
4468	10.61756
4470	10.61776
4472	10.61763
4474	10.61821
4476	10.61861
4478	10.6188
4480	10.61874
4482	10.6189
4484	10.61935
4486	10.62005
4488	10.6204
4490	10.62059
4492	10.6208
4494	10.62085
4496	10.62103
4498	10.62178
4500	10.62209
4502	10.62223
4504	10.62227
4506	10.62237
4508	10.62251
4510	10.62293
4512	10.62305
4514	10.6235
4516	10.62373
4518	10.6237
4520	10.62382
4522	10.62379
4524	10.6244
4526	10.6246
4528	10.6246
4530	10.62519
4532	10.62537
4534	10.6252
4536	10.62521
4538	10.62567
4540	10.62595
4542	10.62594
4544	10.62618
4546	10.62638
4548	10.62647
4550	10.62657
4552	10.62703
4554	10.62737
4556	10.6276
4558	10.62774
4560	10.62772
4562	10.62773
4564	10.62771
4566	10.62812
4568	10.62813
4570	10.62812
4572	10.62839
4574	10.62903
4576	10.62911
4578	10.62904
4580	10.62917
4582	10.62912
4584	10.62886
4586	10.62903
4588	10.62922
4590	10.62939
4592	10.62962
4594	10.62978
4596	10.63004
4598	10.63049
4600	10.63066
4602	10.63058
4604	10.63096
4606	10.63082
4608	10.63104
4610	10.63133
4612	10.6317
4614	10.63167
4616	10.63185
4618	10.63214
4620	10.63237
4622	10.63215
4624	10.63187
4626	10.63216
4628	10.63247
4630	10.63232
4632	10.63232
4634	10.63282
4636	10.63298
4638	10.63313
4640	10.63294
4642	10.63282
4644	10.63289
4646	10.63318
4648	10.63328
4650	10.63331
4652	10.63344
4654	10.63384
4656	10.63384
4658	10.63369
4660	10.63388
4662	10.63388
4664	10.63425
4666	10.63443
4668	10.6347
4670	10.63443
4672	10.63443
4674	10.63439
4676	10.6349
4678	10.63504
4680	10.63511
4682	10.63539
4684	10.63552
4686	10.6357
4688	10.63576
4690	10.63583
4692	10.63592
4694	10.63597
4696	10.63633
4698	10.63664
4700	10.63666
4702	10.63639
4704	10.63659
4706	10.63667
4708	10.63652
4710	10.63642
4712	10.63672
4714	10.63679
4716	10.63685
4718	10.63726
4720	10.637
4722	10.63731
4724	10.63736
4726	10.63741
4728	10.63753
4730	10.63761
4732	10.63736
4734	10.63751
4736	10.63778
4738	10.63813
4740	10.63826
4742	10.63824
4744	10.63841
4746	10.63852
4748	10.63851
4750	10.63842
4752	10.63855
4754	10.6391
4756	10.63903
4758	10.63901
4760	10.63907
4762	10.63937
4764	10.63912
4766	10.6391
4768	10.63942
4770	10.63989
4772	10.63989
4774	10.63998
4776	10.64022
4778	10.64033
4780	10.64024
4782	10.64058
4784	10.64081
4786	10.64078
4788	10.64065
4790	10.6405
4792	10.64058
4794	10.64073
4796	10.64102
4798	10.64133
4800	10.64131
4802	10.64144
4804	10.64151
4806	10.64168
4808	10.64194
4810	10.64198
4812	10.64213
4814	10.6422
4816	10.64212
4818	10.64201
4820	10.6421
4822	10.64228
4824	10.64219
4826	10.64235
4828	10.64251
4830	10.64247
4832	10.64244
4834	10.64244
4836	10.64268
4838	10.64276
4840	10.6427
4842	10.64279
4844	10.6434
4846	10.64348
4848	10.64344
4850	10.64336
4852	10.6433
4854	10.64341
4856	10.64355
4858	10.64384
4860	10.64379
4862	10.64357
4864	10.64375
4866	10.64386
4868	10.64414
4870	10.64428
4872	10.6445
4874	10.6445
4876	10.6445
4878	10.64438
4880	10.64453
4882	10.64475
4884	10.64459
4886	10.64448
4888	10.64478
4890	10.64469
4892	10.64481
4894	10.64511
4896	10.64524
4898	10.64567
4900	10.64563
4902	10.6451
4904	10.64539
4906	10.64566
4908	10.6457
4910	10.64572
4912	10.6457
4914	10.64589
4916	10.64606
4918	10.64628
4920	10.64639
4922	10.64645
4924	10.64626
4926	10.64668
4928	10.64681
4930	10.647
4932	10.64693
4934	10.64699
4936	10.64699
4938	10.64691
4940	10.64703
4942	10.64688
4944	10.64708
4946	10.6474
4948	10.64767
4950	10.64792
4952	10.64788
4954	10.64802
4956	10.64783
4958	10.64777
4960	10.64809
4962	10.64804
4964	10.6479
4966	10.64797
4968	10.64813
4970	10.64821
4972	10.64848
4974	10.64858
4976	10.64845
4978	10.64868
4980	10.64844
4982	10.64856
4984	10.64867
4986	10.64892
4988	10.64901
4990	10.64901
4992	10.649
4994	10.64926
4996	10.64907
4998	10.64903
5000	10.64894
5002	10.64938
5004	10.64946
5006	10.64955
5008	10.64977
5010	10.64981
5012	10.64949
5014	10.6496
5016	10.6496
5018	10.6498
5020	10.65006
5022	10.64978
5024	10.64986
5026	10.64998
5028	10.65026
5030	10.65028
5032	10.65024
5034	10.65035
5036	10.65044
5038	10.65041
5040	10.65029
5042	10.65082
5044	10.65118
5046	10.65118
5048	10.65121
5050	10.6511
5052	10.6509
5054	10.65076
5056	10.65105
5058	10.65117
5060	10.65149
5062	10.65185
5064	10.65176
5066	10.6516
5068	10.65163
5070	10.65162
5072	10.65162
5074	10.65189
5076	10.65207
5078	10.65217
5080	10.65212
5082	10.65235
5084	10.65249
5086	10.65258
5088	10.65246
5090	10.65265
5092	10.65265
5094	10.65275
5096	10.65287
5098	10.65291
5100	10.65295
5102	10.65329
5104	10.65324
5106	10.65338
5108	10.65335
5110	10.6533
5112	10.65317
5114	10.65339
5116	10.65338
5118	10.65346
5120	10.65345
5122	10.65333
5124	10.65368
5126	10.65401
5128	10.6541
5130	10.65407
5132	10.65424
5134	10.65428
5136	10.65477
5138	10.65475
5140	10.65436
5142	10.65434
5144	10.65473
5146	10.65467
5148	10.65439
5150	10.65448
5152	10.65438
5154	10.6545
5156	10.65452
5158	10.65468
5160	10.65499
5162	10.65512
5164	10.65495
5166	10.65495
5168	10.65524
5170	10.6553
5172	10.6553
5174	10.65517
5176	10.65539
5178	10.65545
5180	10.65525
5182	10.6554
5184	10.65571
5186	10.65566
5188	10.65562
5190	10.6558
5192	10.65589
5194	10.65593
5196	10.65572
5198	10.6557
5200	10.65578
5202	10.65567
5204	10.65616
5206	10.65625
5208	10.65635
5210	10.65658
5212	10.65677
5214	10.65657
5216	10.65652
5218	10.65685
5220	10.65676
5222	10.6568
5224	10.65681
5226	10.65643
5228	10.65657
5230	10.65697
5232	10.65718
5234	10.6573
5236	10.65738
5238	10.65735
5240	10.65746
5242	10.65736
5244	10.65746
5246	10.65748
5248	10.65737
5250	10.65778
5252	10.6578
5254	10.65781
5256	10.65809
5258	10.65858
5260	10.65847
5262	10.65844
5264	10.65828
5266	10.658
5268	10.65785
5270	10.65807
5272	10.65847
5274	10.65866
5276	10.65836
5278	10.65848
5280	10.65852
5282	10.65858
5284	10.6585
5286	10.6586
5288	10.65931
5290	10.65945
5292	10.6592
5294	10.65927
5296	10.65936
5298	10.65944
5300	10.65967
5302	10.65966
5304	10.65951
5306	10.65965
5308	10.65951
5310	10.65937
5312	10.65958
5314	10.6597
5316	10.65957
5318	10.65952
5320	10.65976
5322	10.66
5324	10.6602
5326	10.66031
5328	10.66012
5330	10.66026
5332	10.66024
5334	10.66035
5336	10.66025
5338	10.6606
5340	10.66067
5342	10.66077
5344	10.66089
5346	10.66107
5348	10.66083
5350	10.66088
5352	10.661
5354	10.66075
5356	10.66075
5358	10.66091
5360	10.66105
5362	10.66118
5364	10.66121
5366	10.66134
5368	10.66126
5370	10.6615
5372	10.66153
5374	10.66157
5376	10.66179
5378	10.66177
5380	10.66182
5382	10.66168
5384	10.66165
5386	10.66174
5388	10.66192
5390	10.66213
5392	10.66201
5394	10.66212
5396	10.66239
5398	10.66259
5400	10.66255
5402	10.6626
5404	10.66266
5406	10.6627
5408	10.66274
5410	10.66292
5412	10.66303
5414	10.663
5416	10.66282
5418	10.66293
5420	10.66294
5422	10.66307
5424	10.66295
5426	10.6629
5428	10.66288
5430	10.66279
5432	10.66279
5434	10.66289
5436	10.66323
5438	10.66358
5440	10.66338
5442	10.6635
5444	10.66394
5446	10.66394
5448	10.66385
5450	10.66379
5452	10.66407
5454	10.66415
5456	10.66432
5458	10.66409
5460	10.66411
5462	10.66432
5464	10.66406
5466	10.66393
5468	10.66419
5470	10.66418
5472	10.66442
5474	10.66441
5476	10.66441
5478	10.66466
5480	10.66456
5482	10.66462
5484	10.66481
5486	10.66505
5488	10.66486
5490	10.66454
5492	10.66493
5494	10.66506
5496	10.66502
5498	10.66512
5500	10.66514
5502	10.66525
5504	10.6653
5506	10.66536
5508	10.66535
5510	10.66531
5512	10.66531
5514	10.66539
5516	10.66556
5518	10.66568
5520	10.6659
5522	10.66578
5524	10.66599
5526	10.6659
5528	10.66594
5530	10.66592
5532	10.66603
5534	10.66619
5536	10.6663
5538	10.66623
5540	10.66615
5542	10.66646
5544	10.66657
5546	10.66669
5548	10.66686
5550	10.66665
5552	10.66668
5554	10.66683
5556	10.66661
5558	10.66675
5560	10.66701
5562	10.66726
5564	10.66707
5566	10.66684
5568	10.66667
5570	10.66665
5572	10.66654
5574	10.66685
5576	10.66701
5578	10.66705
5580	10.66731
5582	10.66718
5584	10.6671
5586	10.66708
5588	10.66721
5590	10.66751
5592	10.66761
5594	10.6679
5596	10.66782
5598	10.66769
5600	10.66791
5602	10.66797
5604	10.66795
5606	10.6679
5608	10.66789
5610	10.66824
5612	10.66825
5614	10.66799
5616	10.66771
5618	10.66796
5620	10.66836
5622	10.66836
5624	10.66858
5626	10.66852
5628	10.66869
5630	10.66868
5632	10.66875
5634	10.66825
5636	10.66828
5638	10.66844
5640	10.66864
5642	10.66896
5644	10.66915
5646	10.66943
5648	10.66949
5650	10.66934
5652	10.66952
5654	10.66952
5656	10.66936
5658	10.66924
5660	10.66901
5662	10.66923
5664	10.66947
5666	10.66953
5668	10.66962
5670	10.66984
5672	10.66992
5674	10.66982
5676	10.6697
5678	10.66981
5680	10.66993
5682	10.66996
5684	10.66998
5686	10.66983
5688	10.6701
5690	10.67007
5692	10.67034
5694	10.67027
5696	10.67022
5698	10.67016
5700	10.67005
5702	10.67006
5704	10.67035
5706	10.67058
5708	10.67035
5710	10.67045
5712	10.67058
5714	10.67049
5716	10.67071
5718	10.67083
5720	10.67097
5722	10.67077
5724	10.67079
5726	10.67085
5728	10.67096
5730	10.67111
5732	10.67133
5734	10.67132
5736	10.67117
5738	10.67115
5740	10.6713
5742	10.6713
5744	10.67152
5746	10.6718
5748	10.67179
5750	10.67172
5752	10.67132
5754	10.67138
5756	10.6715
5758	10.67143
5760	10.67139
5762	10.67165
5764	10.67179
5766	10.67189
5768	10.67168
5770	10.67156
5772	10.67162
5774	10.67169
5776	10.6718
5778	10.67183
5780	10.67215
5782	10.67223
5784	10.67191
5786	10.67186
5788	10.67223
5790	10.67271
5792	10.67297
5794	10.67276
5796	10.67255
5798	10.67245
5800	10.6725
5802	10.67272
5804	10.67296
5806	10.67318
5808	10.67328
5810	10.67318
5812	10.67293
5814	10.67271
5816	10.67297
5818	10.67326
5820	10.6733
5822	10.67366
5824	10.67357
5826	10.6733
5828	10.67335
5830	10.67342
5832	10.67353
5834	10.67378
5836	10.67366
5838	10.67389
5840	10.6741
5842	10.67422
5844	10.67416
5846	10.67412
5848	10.67406
5850	10.67431
5852	10.67426
5854	10.6738
5856	10.67375
5858	10.67396
5860	10.674
5862	10.67418
5864	10.67449
5866	10.67449
5868	10.67414
5870	10.67428
5872	10.67398
5874	10.67407
5876	10.67432
5878	10.67458
5880	10.6747
5882	10.67473
5884	10.67474
5886	10.67466
5888	10.67483
5890	10.67526
5892	10.67552
5894	10.67586
5896	10.67566
5898	10.67559
5900	10.67521
5902	10.67513
5904	10.67538
5906	10.67555
5908	10.67545
5910	10.67522
5912	10.67513
5914	10.67515
5916	10.6754
5918	10.67545
5920	10.67564
5922	10.67578
5924	10.67586
5926	10.676
5928	10.67635
5930	10.67632
5932	10.67627
5934	10.6758
5936	10.67585
5938	10.67597
5940	10.67611
5942	10.67604
5944	10.67644
5946	10.67637
5948	10.6764
5950	10.67656
5952	10.67659
5954	10.6763
5956	10.67627
5958	10.67649
5960	10.67627
5962	10.67644
5964	10.67646
5966	10.67659
5968	10.67648
5970	10.67685
5972	10.67696
5974	10.67705
5976	10.67708
5978	10.67739
5980	10.67723
5982	10.67702
5984	10.67696
5986	10.67718
5988	10.67725
5990	10.67735
5992	10.67727
5994	10.67695
5996	10.67707
5998	10.6771
6000	10.67703
6002	10.67707
6004	10.67755
6006	10.67755
6008	10.6774
6010	10.67762
6012	10.6779
6014	10.6775
6016	10.67749
6018	10.67773
6020	10.67756
6022	10.67743
6024	10.67761
6026	10.67764
6028	10.67778
6030	10.67782
6032	10.67774
6034	10.67776
6036	10.67775
6038	10.67796
6040	10.67819
6042	10.67826
6044	10.67838
6046	10.67841
6048	10.67832
6050	10.67822
6052	10.6785
6054	10.6786
6056	10.67858
6058	10.67861
6060	10.67901
6062	10.67908
6064	10.6787
6066	10.67844
6068	10.67867
6070	10.67879
6072	10.67864
6074	10.6788
6076	10.67875
6078	10.67854
6080	10.67896
6082	10.679
6084	10.67885
6086	10.67875
6088	10.67907
6090	10.67937
6092	10.67969
6094	10.67942
6096	10.67933
6098	10.67916
6100	10.67902
6102	10.67937
6104	10.67957
6106	10.67951
6108	10.67956
6110	10.67956
6112	10.67944
6114	10.67971
6116	10.67979
6118	10.67949
6120	10.67965
6122	10.67982
6124	10.67968
6126	10.67984
6128	10.6801
6130	10.6799
6132	10.67975
6134	10.67971
6136	10.67967
6138	10.68013
6140	10.68034
6142	10.68011
6144	10.68007
6146	10.68036
6148	10.68073
6150	10.68078
6152	10.68066
6154	10.68079
6156	10.681
6158	10.68099
6160	10.68057
6162	10.68053
6164	10.68052
6166	10.68075
6168	10.68057
6170	10.68056
6172	10.68064
6174	10.68063
6176	10.68091
6178	10.68086
6180	10.68084
6182	10.68093
6184	10.68122
6186	10.68104
6188	10.68083
6190	10.68108
6192	10.68116
6194	10.68144
6196	10.68126
6198	10.68123
6200	10.68129
6202	10.68106
6204	10.68152
6206	10.68146
6208	10.68142
6210	10.6816
6212	10.68149
6214	10.6816
6216	10.68176
6218	10.68171
6220	10.68182
6222	10.68168
6224	10.68148
6226	10.68153
6228	10.68143
6230	10.68173
6232	10.68173
6234	10.68172
6236	10.68201
6238	10.68191
6240	10.68164
6242	10.68171
6244	10.68214
6246	10.68198
6248	10.6819
6250	10.682
6252	10.68222
6254	10.68215
6256	10.68179
6258	10.68179
6260	10.68213
6262	10.68262
6264	10.68281
6266	10.68273
6268	10.68266
6270	10.68259
6272	10.68252
6274	10.68251
6276	10.68236
6278	10.68242
6280	10.68239
6282	10.68259
6284	10.68274
6286	10.68271
6288	10.68246
6290	10.68238
6292	10.68236
6294	10.6825
6296	10.68286
6298	10.68292
6300	10.683
6302	10.68288
6304	10.68297
6306	10.68297
6308	10.68299
6310	10.68318
6312	10.68343
6314	10.68356
6316	10.68329
6318	10.68328
6320	10.68325
6322	10.6833
6324	10.68338
6326	10.683
6328	10.68294
6330	10.68318
6332	10.68346
6334	10.68377
6336	10.68351
6338	10.68351
6340	10.68354
6342	10.68387
6344	10.68379
6346	10.6838
6348	10.68348
6350	10.68337
6352	10.6838
6354	10.68387
6356	10.68378
6358	10.68391
6360	10.68356
6362	10.6835
6364	10.68383
6366	10.68368
6368	10.68359
6370	10.68366
6372	10.68373
6374	10.68384
6376	10.68404
6378	10.68417
6380	10.68435
6382	10.68445
6384	10.6842
6386	10.6843
6388	10.68457
6390	10.68459
6392	10.68443
6394	10.68428
6396	10.68422
6398	10.68431
6400	10.68411
6402	10.68423
6404	10.68447
6406	10.6848
6408	10.68513
6410	10.6851
6412	10.6851
6414	10.68472
6416	10.68497
6418	10.68498
6420	10.68469
6422	10.68486
6424	10.685
6426	10.68506
6428	10.68495
6430	10.68468
6432	10.68488
6434	10.68495
6436	10.6849
6438	10.68501
6440	10.68529
6442	10.68538
6444	10.68537
6446	10.68556
6448	10.68577
6450	10.68575
6452	10.68525
6454	10.68526
6456	10.6852
6458	10.68513
6460	10.68509
6462	10.68491
6464	10.68526
6466	10.68523
6468	10.68517
6470	10.68523
6472	10.68526
6474	10.68546
6476	10.68541
6478	10.68546
6480	10.68568
6482	10.68582
6484	10.6858
6486	10.68582
6488	10.68572
6490	10.686
6492	10.68624
6494	10.68614
6496	10.68601
6498	10.68583
6500	10.68584
6502	10.68613
6504	10.68617
6506	10.68591
6508	10.68591
6510	10.68605
6512	10.6862
6514	10.68616
6516	10.68645
6518	10.68649
6520	10.68641
6522	10.68663
6524	10.68682
6526	10.68694
6528	10.68674
6530	10.68662
6532	10.68674
6534	10.68696
6536	10.68717
6538	10.68726
6540	10.68731
6542	10.68694
6544	10.68702
6546	10.68725
6548	10.68721
6550	10.68725
6552	10.68712
6554	10.68693
6556	10.68721
6558	10.68736
6560	10.68749
6562	10.68728
6564	10.68741
6566	10.6872
6568	10.68694
6570	10.687
6572	10.68718
6574	10.68752
6576	10.6873
6578	10.68737
6580	10.68726
6582	10.6873
6584	10.68743
6586	10.68745
6588	10.68756
6590	10.68741
6592	10.68763
6594	10.68778
6596	10.68755
6598	10.68751
6600	10.68776
6602	10.68787
6604	10.68794
6606	10.68793
6608	10.68796
6610	10.68797
6612	10.68783
6614	10.68752
6616	10.6879
6618	10.68804
6620	10.68811
6622	10.68796
6624	10.68811
6626	10.68827
6628	10.68826
6630	10.68824
6632	10.68806
6634	10.6881
6636	10.68837
6638	10.68827
6640	10.6882
6642	10.68797
6644	10.68806
6646	10.68824
6648	10.68843
6650	10.68871
6652	10.68844
6654	10.68837
6656	10.68847
6658	10.68849
6660	10.6885
6662	10.68853
6664	10.68859
6666	10.68858
6668	10.68854
6670	10.68843
6672	10.68848
6674	10.6884
6676	10.68874
6678	10.68901
6680	10.68862
6682	10.68889
6684	10.68925
6686	10.68916
6688	10.68943
6690	10.6896
6692	10.6895
6694	10.68952
6696	10.68926
6698	10.68949
6700	10.68948
6702	10.6895
6704	10.68955
6706	10.68962
6708	10.68947
6710	10.68926
6712	10.6893
6714	10.68946
6716	10.68928
6718	10.68928
6720	10.68961
6722	10.68985
6724	10.68999
6726	10.69004
6728	10.68992
6730	10.68981
6732	10.69018
6734	10.69038
6736	10.69007
6738	10.68994
6740	10.68996
6742	10.69021
6744	10.69002
6746	10.68992
6748	10.69019
6750	10.69045
6752	10.69017
6754	10.69021
6756	10.69057
6758	10.69055
6760	10.69056
6762	10.69024
6764	10.69047
6766	10.69057
6768	10.69073
6770	10.69082
6772	10.69067
6774	10.69065
6776	10.69058
6778	10.69063
6780	10.69081
6782	10.69085
6784	10.69063
6786	10.69088
6788	10.69101
6790	10.69112
6792	10.69095
6794	10.69098
6796	10.69097
6798	10.69077
6800	10.69092
6802	10.69108
6804	10.69081
6806	10.69096
6808	10.69126
6810	10.6914
6812	10.69157
6814	10.69149
6816	10.6915
6818	10.69164
6820	10.69175
6822	10.69177
6824	10.69185
6826	10.69211
6828	10.69214
6830	10.69201
6832	10.69188
6834	10.69204
6836	10.69187
6838	10.69196
6840	10.69219
6842	10.69209
6844	10.69184
6846	10.69216
6848	10.69221
6850	10.69185
6852	10.69171
6854	10.69199
6856	10.69186
6858	10.69172
6860	10.69186
6862	10.69247
6864	10.69255
6866	10.69223
6868	10.69236
6870	10.69262
6872	10.69258
6874	10.69241
6876	10.69262
6878	10.69268
6880	10.69272
6882	10.69294
6884	10.69302
6886	10.69285
6888	10.6929
6890	10.69302
6892	10.69278
6894	10.69295
6896	10.69287
6898	10.69269
6900	10.69294
6902	10.693
6904	10.69288
6906	10.69294
6908	10.69285
6910	10.69293
6912	10.69309
6914	10.69326
6916	10.69307
6918	10.69299
6920	10.6934
6922	10.69367
6924	10.69367
6926	10.69361
6928	10.69329
6930	10.69298
6932	10.69275
6934	10.69305
6936	10.69331
6938	10.69348
6940	10.69316
6942	10.6928
6944	10.69303
6946	10.69315
6948	10.69327
6950	10.69331
6952	10.69323
6954	10.69315
6956	10.69319
6958	10.69305
6960	10.69301
6962	10.6931
6964	10.69326
6966	10.69316
6968	10.69319
6970	10.69332
6972	10.69353
6974	10.69334
6976	10.69327
6978	10.69307
6980	10.69351
6982	10.69369
6984	10.69334
6986	10.69293
6988	10.69289
6990	10.69299
6992	10.69258
6994	10.6926
6996	10.69298
6998	10.69318
7000	10.69325
7002	10.69325
7004	10.69319
7006	10.69326
7008	10.69345
7010	10.69353
7012	10.69347
7014	10.69326
7016	10.69366
7018	10.69366
7020	10.69347
7022	10.69345
7024	10.6935
7026	10.6936
7028	10.69373
7030	10.69335
7032	10.69316
7034	10.69325
7036	10.69357
7038	10.69379
7040	10.69379
7042	10.69363
7044	10.6934
7046	10.69354
7048	10.69374
7050	10.69359
7052	10.69366
7054	10.6937
7056	10.69342
7058	10.69326
7060	10.69347
7062	10.69371
7064	10.69371
7066	10.69368
7068	10.69349
7070	10.69372
7072	10.69354
7074	10.6936
7076	10.69353
7078	10.69345
7080	10.6933
7082	10.6933
7084	10.69341
7086	10.6933
7088	10.6933
7090	10.69306
7092	10.69342
7094	10.69357
7096	10.69335
7098	10.69319
7100	10.69355
7102	10.69334
7104	10.69332
7106	10.69356
7108	10.69354
7110	10.69368
7112	10.69374
7114	10.69385
7116	10.69356
7118	10.69356
7120	10.69347
7122	10.69363
7124	10.69327
7126	10.69326
7128	10.69315
7130	10.69329
7132	10.69337
7134	10.69382
7136	10.69409
7138	10.69415
7140	10.69415
7142	10.69407
7144	10.69418
7146	10.69436
7148	10.69421
7150	10.69406
7152	10.6942
7154	10.69407
7156	10.69399
7158	10.69421
7160	10.69404
7162	10.6937
7164	10.69402
7166	10.69429
7168	10.69425
7170	10.69394
7172	10.6942
7174	10.69407
7176	10.69381
7178	10.69377
7180	10.69382
7182	10.69421
7184	10.6946
7186	10.69491
7188	10.69497
7190	10.6947
7192	10.6945
7194	10.69447
7196	10.69482
7198	10.69508
7200	10.69514
7202	10.69488
7204	10.69497
7206	10.6951
7208	10.69502
7210	10.69493
7212	10.69481
7214	10.69455
7216	10.69444
7218	10.69459
7220	10.6946
7222	10.69465
7224	10.69452
7226	10.69446
7228	10.69454
7230	10.69455
7232	10.69454
7234	10.69449
7236	10.69456
7238	10.69434
7240	10.69427
7242	10.69438
7244	10.69455
7246	10.69482
7248	10.69454
7250	10.69432
7252	10.69417
7254	10.69453
7256	10.69443
7258	10.69449
7260	10.6943
7262	10.69454
7264	10.69502
7266	10.69527
7268	10.69522
7270	10.69489
7272	10.69475
7274	10.69497
7276	10.69478
7278	10.69477
7280	10.69476
7282	10.69472
7284	10.69479
7286	10.69506
7288	10.69506
7290	10.69441
7292	10.69451
7294	10.69481
7296	10.69506
7298	10.6951
7300	10.69504
7302	10.695
7304	10.6948
7306	10.69502
7308	10.69512
7310	10.69513
7312	10.69474
7314	10.69461
7316	10.69498
7318	10.69535
7320	10.69536
7322	10.69488
7324	10.69465
7326	10.69492
7328	10.695
7330	10.695
7332	10.69527
7334	10.69546
7336	10.69565
7338	10.6956
7340	10.69555
7342	10.6956
7344	10.69564
7346	10.69554
7348	10.69548
7350	10.69511
7352	10.69524
7354	10.69543
7356	10.69519
7358	10.69567
7360	10.6955
7362	10.69546
7364	10.69513
7366	10.69508
7368	10.69539
7370	10.69544
7372	10.69541
7374	10.6952
7376	10.69526
7378	10.6956
7380	10.69553
7382	10.69558
7384	10.69559
7386	10.69568
7388	10.69577
7390	10.69591
7392	10.69607
7394	10.69587
7396	10.69562
7398	10.69609
7400	10.69625
7402	10.69598
7404	10.69588
7406	10.69589
7408	10.69573
7410	10.69596
7412	10.69588
7414	10.6956
7416	10.69546
7418	10.69537
7420	10.69528
7422	10.69547
7424	10.69556
7426	10.69568
7428	10.69595
7430	10.69584
7432	10.69586
7434	10.69562
7436	10.69526
7438	10.69541
7440	10.69568
7442	10.69571
7444	10.69559
7446	10.69567
7448	10.69577
7450	10.69607
7452	10.69615
7454	10.69608
7456	10.69624
7458	10.6963
7460	10.69641
7462	10.69669
7464	10.69673
7466	10.69667
7468	10.69631
7470	10.69642
7472	10.69633
7474	10.69604
7476	10.69602
7478	10.69628
7480	10.69611
7482	10.6959
7484	10.69604
7486	10.69631
7488	10.69667
7490	10.6965
7492	10.69642
7494	10.69647
7496	10.69676
7498	10.69662
7500	10.69674
7502	10.69667
7504	10.6968
7506	10.69662
7508	10.69678
7510	10.69666
7512	10.69684
7514	10.69647
7516	10.69622
7518	10.69621
7520	10.69626
7522	10.6964
7524	10.69677
7526	10.69663
7528	10.69663
7530	10.69687
7532	10.69682
7534	10.69647
7536	10.69614
7538	10.6962
7540	10.69653
7542	10.6967
7544	10.69657
7546	10.69661
7548	10.69653
7550	10.69664
7552	10.69658
7554	10.69653
7556	10.6968
7558	10.69669
7560	10.6969
7562	10.69695
7564	10.69684
7566	10.69673
7568	10.69685
7570	10.69682
7572	10.69669
7574	10.69694
7576	10.69693
7578	10.69667
7580	10.69669
7582	10.69715
7584	10.69727
7586	10.69708
7588	10.69703
7590	10.69717
7592	10.6971
7594	10.69693
7596	10.69688
7598	10.69706
7600	10.69709
7602	10.69684
7604	10.69671
7606	10.69686
7608	10.697
7610	10.69711
7612	10.69719
7614	10.69724
7616	10.69709
7618	10.69718
7620	10.69734
7622	10.69731
7624	10.69713
7626	10.69705
7628	10.69706
7630	10.69705
7632	10.69714
7634	10.69694
7636	10.69702
7638	10.6974
7640	10.69741
7642	10.69745
7644	10.69729
7646	10.69724
7648	10.69732
7650	10.69709
7652	10.69723
7654	10.69733
7656	10.6975
7658	10.69768
7660	10.69738
7662	10.69743
7664	10.69768
7666	10.69732
7668	10.69699
7670	10.69704
7672	10.69724
7674	10.69741
7676	10.69721
7678	10.69727
7680	10.69725
7682	10.69759
7684	10.69746
7686	10.69707
7688	10.69698
7690	10.69713
7692	10.69741
7694	10.69741
7696	10.69737
7698	10.69725
7700	10.69738
7702	10.69757
7704	10.6976
