5	4.91812
10	4.92279
15	4.9285
20	4.92093
25	4.91206
30	4.91419
35	4.91604
40	4.91724
45	4.91744
50	4.92194
55	4.92258
60	4.92315
65	4.92621
70	4.91618
75	4.90538
80	4.90037
85	4.90506
90	4.90901
95	4.90984
100	4.90775
105	4.90423
110	4.90549
115	4.90856
120	4.91709
125	4.89264
130	4.86485
135	4.87912
140	4.88465
145	4.88267
150	4.88062
155	4.8911
160	4.89802
165	4.89244
170	4.89058
175	4.89401
180	4.89444
185	4.8948
190	4.89165
195	4.89281
200	4.90094
205	4.9002
210	4.88774
215	4.87697
220	4.84118
225	4.87439
230	4.88329
235	4.87948
240	4.88815
245	4.89542
250	4.8914
255	4.87635
260	4.87695
265	4.88087
270	4.87899
275	4.87524
280	4.87863
285	4.88389
290	4.87514
295	4.87483
300	4.87833
305	4.8796
310	4.88452
315	4.88202
320	4.88478
325	4.89017
330	4.8856
335	4.87971
340	4.88435
345	4.88848
350	4.88718
355	4.88382
360	4.88663
365	4.88556
370	4.87892
375	4.88104
380	4.88423
385	4.884
390	4.88155
395	4.88668
400	4.88963
405	4.88156
410	4.8859
415	4.88648
420	4.88414
425	4.88352
430	4.88466
435	4.88455
440	4.87783
445	4.87813
450	4.87889
455	4.87699
460	4.87869
465	4.88175
470	4.87801
475	4.8764
480	4.87592
485	4.87559
490	4.87482
495	4.87387
500	4.87749
505	4.87275
510	4.87309
515	4.87307
520	4.87572
525	4.87323
530	4.87232
535	4.87518
540	4.87767
545	4.87232
550	4.87449
555	4.87377
560	4.87244
565	4.87172
570	4.87576
575	4.87532
580	4.86921
585	4.87091
590	4.87051
595	4.87219
600	4.87325
605	4.87481
610	4.87581
615	4.87098
620	4.87087
625	4.87017
630	4.87184
635	4.87086
640	4.8725
645	4.87186
650	4.8727
655	4.87228
660	4.87286
665	4.87192
670	4.87109
675	4.8688
680	4.87459
685	4.87184
690	4.87034
695	4.87275
700	4.86847
705	4.86573
710	4.86952
715	4.87214
720	4.87271
725	4.87016
730	4.87017
735	4.86889
740	4.86839
745	4.87058
750	4.87101
755	4.87208
760	4.86912
765	4.87099
770	4.87074
775	4.87005
780	4.87256
785	4.87165
790	4.87116
795	4.87082
800	4.86784
805	4.87017
810	4.87159
815	4.86195
820	4.82923
825	4.85395
830	4.86258
835	4.89578
840	4.91805
845	4.92213
850	4.91675
855	4.91104
860	4.91215
865	4.91451
870	4.91167
875	4.90762
880	4.90329
885	4.90334
890	4.8965
895	4.89244
900	4.88841
905	4.88938
910	4.89483
915	4.88808
920	4.8814
925	4.88813
930	4.88604
935	4.88463
940	4.88741
945	4.88913
950	4.8837
955	4.87842
960	4.87867
965	4.88325
970	4.87859
975	4.87522
980	4.87642
985	4.87794
990	4.88383
995	4.88203
1000	4.87791
1005	4.88434
1010	4.8826
1015	4.87246
1020	4.88049
1025	4.88284
1030	4.87785
1035	4.88132
1040	4.87069
1045	4.88156
1050	4.86523
1055	4.86349
1060	4.8711
1065	4.88207
1070	4.88374
1075	4.86962
1080	4.8581
1085	4.86533
1090	4.87087
1095	4.87596
1100	4.87127
1105	4.87191
1110	4.87831
1115	4.86767
1120	4.86303
1125	4.87739
1130	4.87732
1135	4.86731
1140	4.86706
1145	4.8666
1150	4.87261
1155	4.86331
1160	4.85353
1165	4.87061
1170	4.86612
1175	4.86688
1180	4.86518
1185	4.86381
1190	4.8666
1195	4.86742
1200	4.86064
1205	4.86401
1210	4.86281
1215	4.86078
1220	4.85611
1225	4.85779
1230	4.86697
1235	4.86909
1240	4.85827
1245	4.86036
1250	4.86034
1255	4.86165
1260	4.8647
1265	4.85923
1270	4.86152
1275	4.86731
1280	4.86057
1285	4.86492
1290	4.86294
1295	4.85836
1300	4.858
1305	4.86389
1310	4.85976
1315	4.85839
1320	4.85853
1325	4.86351
1330	4.87042
1335	4.85861
1340	4.85596
1345	4.85938
1350	4.85508
1355	4.85558
1360	4.85961
1365	4.86387
1370	4.86109
1375	4.86338
1380	4.85754
1385	4.84777
1390	4.85259
1395	4.86007
1400	4.8612
1405	4.86018
1410	4.85954
1415	4.85521
1420	4.81154
1425	4.82948
1430	4.84426
1435	4.86034
1440	4.87025
1445	4.87532
1450	4.87218
1455	4.86709
1460	4.87129
1465	4.86973
1470	4.85868
1475	4.85894
1480	4.86361
1485	4.86767
1490	4.86077
1495	4.86247
1500	4.8593
1505	4.86518
1510	4.8575
1515	4.85332
1520	4.85399
1525	4.85357
1530	4.85446
1535	4.85485
1540	4.85681
1545	4.85334
1550	4.85301
1555	4.85012
1560	4.85052
1565	4.85388
1570	4.85378
1575	4.85238
1580	4.85434
1585	4.85584
1590	4.8582
1595	4.85812
1600	4.85552
1605	4.85261
1610	4.85168
1615	4.84355
1620	4.84909
1625	4.85098
1630	4.85644
1635	4.8582
1640	4.85497
1645	4.85022
1650	4.84946
1655	4.84829
1660	4.84793
1665	4.83994
1670	4.84795
1675	4.8513
1680	4.84511
1685	4.84272
1690	4.84743
1695	4.84923
1700	4.84688
1705	4.84777
1710	4.84344
1715	4.84691
1720	4.84517
1725	4.852
1730	4.84324
1735	4.84412
1740	4.84756
1745	4.84467
1750	4.84279
1755	4.8457
1760	4.85249
1765	4.85335
1770	4.85343
1775	4.84939
1780	4.84601
1785	4.84827
1790	4.84424
1795	4.84291
1800	4.83961
1805	4.84102
1810	4.84414
1815	4.8447
1820	4.83797
1825	4.8423
1830	4.8425
1835	4.84179
1840	4.83488
1845	4.837
1850	4.84459
1855	4.84677
1860	4.84868
1865	4.84586
1870	4.84104
1875	4.84536
1880	4.83955
1885	4.84093
1890	4.83939
1895	4.84186
1900	4.83725
1905	4.83886
1910	4.84456
1915	4.84435
1920	4.84067
1925	4.83901
1930	4.83885
1935	4.83948
1940	4.83898
1945	4.84706
1950	4.84398
1955	4.8445
1960	4.84892
1965	4.83951
1970	4.83458
1975	4.83805
1980	4.84519
1985	4.83887
1990	4.83827
1995	4.83982
2000	4.83493
2005	4.83794
2010	4.84616
2015	4.83967
2020	4.79416
2025	4.8131
2030	4.83756
2035	4.84433
2040	4.85702
2045	4.86833
2050	4.87294
2055	4.87484
2060	4.87185
2065	4.85298
2070	4.84963
2075	4.84895
2080	4.84875
2085	4.85082
2090	4.85138
2095	4.84884
2100	4.84514
2105	4.83994
2110	4.83907
2115	4.84681
2120	4.83846
2125	4.83754
2130	4.83913
2135	4.83779
2140	4.83025
2145	4.82779
2150	4.82997
2155	4.83366
2160	4.83247
2165	4.82598
2170	4.83
2175	4.83021
2180	4.83082
2185	4.82928
2190	4.82582
2195	4.82453
2200	4.83175
2205	4.84197
2210	4.83081
2215	4.82288
2220	4.81983
2225	4.82289
2230	4.83666
2235	4.83711
2240	4.83027
2245	4.83365
2250	4.82632
2255	4.81657
2260	4.82669
2265	4.82501
2270	4.82254
2275	4.83273
2280	4.8325
2285	4.8261
2290	4.83348
2295	4.82684
2300	4.82136
2305	4.82524
2310	4.83243
2315	4.82606
2320	4.82559
2325	4.83024
2330	4.82757
2335	4.82267
2340	4.82352
2345	4.81882
2350	4.81764
2355	4.81026
2360	4.81983
2365	4.82801
2370	4.81819
2375	4.82147
2380	4.81707
2385	4.82738
2390	4.82853
2395	4.81551
2400	4.82009
2405	4.81964
2410	4.82398
2415	4.81314
2420	4.81182
2425	4.82058
2430	4.82579
2435	4.82397
2440	4.81841
2445	4.81384
2450	4.81301
2455	4.81515
2460	4.81764
2465	4.81945
2470	4.81845
2475	4.82272
2480	4.82469
2485	4.81454
2490	4.816
2495	4.81566
2500	4.8153
2505	4.81689
2510	4.81529
2515	4.8152
2520	4.81787
2525	4.82059
2530	4.81702
2535	4.81966
2540	4.82303
2545	4.81481
2550	4.81298
2555	4.81893
2560	4.81333
2565	4.81426
2570	4.81432
2575	4.81758
2580	4.81407
2585	4.81331
2590	4.81904
2595	4.8148
2600	4.81958
2605	4.8199
2610	4.82179
2615	4.81684
2620	4.78595
2625	4.79941
2630	4.81656
2635	4.83225
2640	4.83998
2645	4.8348
2650	4.83397
2655	4.83509
2660	4.83238
2665	4.83985
2670	4.83793
2675	4.82982
2680	4.82157
2685	4.81839
2690	4.81406
2695	4.81041
2700	4.81396
2705	4.81179
2710	4.81325
2715	4.81324
2720	4.81022
2725	4.80936
2730	4.80115
2735	4.8039
2740	4.80374
2745	4.8072
2750	4.80329
2755	4.79665
2760	4.80072
2765	4.79843
2770	4.80411
2775	4.80475
2780	4.80894
2785	4.80415
2790	4.79643
2795	4.80204
2800	4.80084
2805	4.79944
2810	4.80177
2815	4.80075
2820	4.79843
2825	4.79587
2830	4.79853
2835	4.79969
2840	4.80006
2845	4.80131
2850	4.79561
2855	4.79782
2860	4.80054
2865	4.80198
2870	4.80004
2875	4.7912
2880	4.7967
2885	4.80689
2890	4.8012
2895	4.79673
2900	4.79919
2905	4.79974
2910	4.79846
2915	4.80163
2920	4.79748
2925	4.7983
2930	4.79521
2935	4.7893
2940	4.78866
2945	4.79907
2950	4.80489
2955	4.79392
2960	4.79307
2965	4.7998
2970	4.78849
2975	4.79641
2980	4.79515
2985	4.7925
2990	4.79707
2995	4.7958
3000	4.7902
3005	4.80031
3010	4.8017
3015	4.79132
3020	4.79041
3025	4.791
3030	4.79386
3035	4.79194
3040	4.79101
3045	4.78512
3050	4.79618
3055	4.79159
3060	4.78994
3065	4.79668
3070	4.79173
3075	4.79255
3080	4.79564
3085	4.78912
3090	4.78747
3095	4.79591
3100	4.79868
3105	4.78785
3110	4.78446
3115	4.79334
3120	4.79114
3125	4.79245
3130	4.79028
3135	4.79586
3140	4.79808
3145	4.79041
3150	4.78913
3155	4.80037
3160	4.79586
3165	4.79069
3170	4.78886
3175	4.7982
3180	4.79388
3185	4.78692
3190	4.79046
3195	4.79415
3200	4.78777
3205	4.78555
3210	4.78948
3215	4.79423
3220	4.76103
3225	4.77
3230	4.78836
3235	4.79905
3240	4.81031
3245	4.80818
3250	4.80684
3255	4.80779
3260	4.8107
3265	4.8039
3270	4.79462
3275	4.80194
3280	4.795
3285	4.7892
3290	4.78651
3295	4.78373
3300	4.7861
3305	4.77681
3310	4.78029
3315	4.78947
3320	4.7835
3325	4.77861
3330	4.77713
3335	4.77778
3340	4.77591
3345	4.77739
3350	4.77381
3355	4.77224
3360	4.77424
3365	4.78107
3370	4.78074
3375	4.76843
3380	4.76808
3385	4.7835
3390	4.78928
3395	4.78403
3400	4.77918
3405	4.79018
3410	4.78443
3415	4.77852
3420	4.78524
3425	4.78209
3430	4.78344
3435	4.78033
3440	4.78434
3445	4.78534
3450	4.78699
3455	4.78037
3460	4.78009
3465	4.77936
3470	4.78593
3475	4.78361
3480	4.78248
3485	4.7892
3490	4.7869
3495	4.77406
3500	4.7805
3505	4.78659
3510	4.78315
3515	4.78397
3520	4.77786
3525	4.78454
3530	4.77834
3535	4.78853
3540	4.78609
3545	4.78215
3550	4.78266
3555	4.77299
3560	4.7797
3565	4.7766
3570	4.78259
3575	4.78695
3580	4.78094
3585	4.78249
3590	4.78723
3595	4.78445
3600	4.77594
3605	4.78356
3610	4.77721
3615	4.78164
3620	4.78151
3625	4.78948
3630	4.77638
3635	4.78224
3640	4.7764
3645	4.77268
3650	4.7808
3655	4.77907
3660	4.77094
3665	4.781
3670	4.78065
3675	4.77162
3680	4.77696
3685	4.77873
3690	4.78338
3695	4.77274
3700	4.77628
3705	4.78501
3710	4.77564
3715	4.77103
3720	4.77432
3725	4.78364
3730	4.7761
3735	4.78565
3740	4.77589
3745	4.77467
3750	4.77487
3755	4.78014
3760	4.78713
3765	4.77923
3770	4.76897
3775	4.77018
3780	4.77491
3785	4.77502
3790	4.77686
3795	4.77575
3800	4.77831
3805	4.78016
3810	4.78219
3815	4.78273
3820	4.75556
3825	4.76212
3830	4.77872
3835	4.7866
3840	4.7911
3845	4.80235
3850	4.79309
3855	4.7968
3860	4.78986
3865	4.78747
3870	4.79069
3875	4.78703
3880	4.78343
3885	4.79024
3890	4.78941
3895	4.7847
3900	4.77752
3905	4.76573
3910	4.77255
3915	4.77874
3920	4.78133
3925	4.77874
3930	4.7836
3935	4.78118
3940	4.78366
3945	4.77934
3950	4.77931
3955	4.78094
3960	4.77976
3965	4.787
3970	4.77783
3975	4.77542
3980	4.77602
3985	4.77565
3990	4.77735
3995	4.77613
4000	4.77719
4005	4.77763
4010	4.78704
4015	4.78472
4020	4.78203
4025	4.77648
4030	4.77497
4035	4.78131
4040	4.78467
4045	4.78498
4050	4.77631
4055	4.79034
4060	4.7772
4065	4.7791
4070	4.78056
4075	4.76666
4080	4.77932
4085	4.77368
4090	4.77706
4095	4.77805
4100	4.77726
4105	4.77889
4110	4.77434
4115	4.77034
4120	4.76676
4125	4.77447
4130	4.77023
4135	4.77901
4140	4.76653
4145	4.77049
4150	4.77109
4155	4.76138
4160	4.76885
4165	4.76913
4170	4.76335
4175	4.76485
4180	4.76915
4185	4.76376
4190	4.77237
4195	4.77254
4200	4.7772
4205	4.76847
4210	4.77145
4215	4.7686
4220	4.76359
4225	4.7657
4230	4.77023
4235	4.77099
4240	4.75794
4245	4.76922
4250	4.76637
4255	4.75362
4260	4.767
4265	4.76722
4270	4.76792
4275	4.77534
4280	4.77009
4285	4.77649
4290	4.76955
4295	4.76523
4300	4.77436
4305	4.76534
4310	4.76092
4315	4.76718
4320	4.7713
4325	4.76383
4330	4.76995
4335	4.76826
4340	4.75643
4345	4.75631
4350	4.77158
4355	4.77766
4360	4.77092
4365	4.76768
4370	4.76721
4375	4.76761
4380	4.75846
4385	4.74912
4390	4.76037
4395	4.75905
4400	4.76257
4405	4.77043
4410	4.77237
4415	4.75693
4420	4.74353
4425	4.75575
4430	4.77357
4435	4.78341
4440	4.79152
4445	4.79035
4450	4.79556
4455	4.78648
4460	4.78398
4465	4.79381
4470	4.79049
4475	4.78756
4480	4.7927
4485	4.78646
4490	4.78299
4495	4.78653
4500	4.78617
4505	4.77915
4510	4.78814
4515	4.7823
4520	4.77146
4525	4.77437
4530	4.78064
4535	4.78538
4540	4.78983
4545	4.78015
4550	4.77131
4555	4.77196
4560	4.78625
4565	4.78721
4570	4.77395
4575	4.77486
4580	4.78037
4585	4.77934
4590	4.78251
4595	4.78202
4600	4.7778
4605	4.77484
4610	4.78263
4615	4.76811
4620	4.77181
4625	4.77135
4630	4.77404
4635	4.77068
4640	4.7698
4645	4.76748
4650	4.77534
4655	4.78341
4660	4.77227
4665	4.77395
4670	4.775
4675	4.77025
4680	4.76629
4685	4.77694
4690	4.77788
4695	4.77022
4700	4.77214
4705	4.77362
4710	4.77182
4715	4.77343
4720	4.77813
4725	4.77648
4730	4.77026
4735	4.77495
4740	4.77039
4745	4.76661
4750	4.77094
4755	4.78002
4760	4.77719
4765	4.77091
4770	4.77096
4775	4.76788
4780	4.77788
4785	4.76414
4790	4.76259
4795	4.76365
4800	4.76619
4805	4.77709
4810	4.7746
4815	4.77727
4820	4.76574
4825	4.76157
4830	4.7813
4835	4.77454
4840	4.77341
4845	4.76968
4850	4.77106
4855	4.77218
4860	4.76534
4865	4.77698
4870	4.7654
4875	4.76149
4880	4.77425
4885	4.77294
4890	4.76817
4895	4.76195
4900	4.76965
4905	4.77226
4910	4.76664
4915	4.76986
4920	4.76495
4925	4.77535
4930	4.78043
4935	4.77642
4940	4.78518
4945	4.78259
4950	4.78181
4955	4.7742
4960	4.76529
4965	4.76676
4970	4.76543
4975	4.76551
4980	4.76822
4985	4.77097
4990	4.76432
4995	4.7688
5000	4.76637
5005	4.76769
5010	4.76627
5015	4.76625
5020	4.75736
5025	4.76044
5030	4.76864
5035	4.77347
5040	4.78461
5045	4.79145
5050	4.79304
5055	4.79055
5060	4.78365
5065	4.78436
5070	4.78502
5075	4.79005
5080	4.78481
5085	4.78141
5090	4.78322
5095	4.77904
5100	4.77131
5105	4.77853
5110	4.78558
5115	4.77751
5120	4.77684
5125	4.779
5130	4.77805
5135	4.78294
5140	4.78078
5145	4.77346
5150	4.77584
5155	4.7652
5160	4.7692
5165	4.7715
5170	4.77594
5175	4.77776
5180	4.77776
5185	4.77024
5190	4.7766
5195	4.7665
5200	4.76524
5205	4.76719
5210	4.75862
5215	4.76921
5220	4.76763
5225	4.76872
5230	4.76729
5235	4.76761
5240	4.77172
5245	4.75901
5250	4.76199
5255	4.76446
5260	4.76807
5265	4.76362
5270	4.76033
5275	4.759
5280	4.75908
5285	4.7632
5290	4.75557
5295	4.76583
5300	4.75733
5305	4.77074
5310	4.76053
5315	4.75911
5320	4.76583
5325	4.76268
5330	4.76002
5335	4.75584
5340	4.7587
5345	4.75832
5350	4.76554
5355	4.75567
5360	4.75655
5365	4.76123
5370	4.75719
5375	4.75556
5380	4.75385
5385	4.75391
5390	4.7506
5395	4.75441
5400	4.75246
5405	4.7559
5410	4.75798
5415	4.761
5420	4.76019
5425	4.75395
5430	4.75385
5435	4.76091
5440	4.75371
5445	4.75586
5450	4.75508
5455	4.75474
5460	4.74946
5465	4.74667
5470	4.75623
5475	4.75776
5480	4.75319
5485	4.75432
5490	4.74776
5495	4.7495
5500	4.75322
5505	4.7511
5510	4.74582
5515	4.75219
5520	4.75597
5525	4.75868
5530	4.74983
5535	4.74311
5540	4.74478
5545	4.74347
5550	4.7473
5555	4.75173
5560	4.75518
5565	4.74906
5570	4.74869
5575	4.74532
5580	4.746
5585	4.74849
5590	4.74398
5595	4.74092
5600	4.74819
5605	4.75347
5610	4.74933
5615	4.73999
5620	4.73578
5625	4.73434
5630	4.7513
5635	4.75726
5640	4.76337
5645	4.77521
5650	4.78142
5655	4.77506
5660	4.77274
5665	4.77435
5670	4.77839
5675	4.78019
5680	4.77848
5685	4.77075
5690	4.77618
5695	4.77954
5700	4.76994
5705	4.76494
5710	4.77032
5715	4.7745
5720	4.7734
5725	4.76908
5730	4.76884
5735	4.76694
5740	4.76851
5745	4.77104
5750	4.77748
5755	4.76823
5760	4.7667
5765	4.76879
5770	4.76674
5775	4.76826
5780	4.77412
5785	4.77322
5790	4.76636
5795	4.75389
5800	4.75821
5805	4.75643
5810	4.77531
5815	4.76354
5820	4.75807
5825	4.76039
5830	4.76246
5835	4.7606
5840	4.76336
5845	4.76682
5850	4.76392
5855	4.76788
5860	4.76232
5865	4.76002
5870	4.76181
5875	4.76788
5880	4.7603
5885	4.75962
5890	4.76334
5895	4.76481
5900	4.763
5905	4.76118
5910	4.7594
5915	4.76082
5920	4.76275
5925	4.75499
5930	4.75913
5935	4.76148
5940	4.75916
5945	4.76109
5950	4.75949
5955	4.75872
5960	4.75781
5965	4.75866
5970	4.75664
5975	4.76267
5980	4.76368
5985	4.76046
5990	4.7573
5995	4.7607
6000	4.7584
6005	4.75171
6010	4.75667
6015	4.76206
6020	4.76068
6025	4.75828
6030	4.75809
6035	4.75279
6040	4.74714
6045	4.75057
6050	4.76292
6055	4.76028
6060	4.76114
6065	4.75305
6070	4.75125
6075	4.75543
6080	4.75748
6085	4.75744
6090	4.75685
6095	4.75571
6100	4.75833
6105	4.76543
6110	4.75902
6115	4.75362
6120	4.75112
6125	4.75524
6130	4.75221
6135	4.75776
6140	4.75345
6145	4.75511
6150	4.76447
6155	4.76107
6160	4.74919
6165	4.74799
6170	4.75741
6175	4.75929
6180	4.75363
6185	4.75136
6190	4.76318
6195	4.76173
6200	4.75304
6205	4.74765
6210	4.75658
6215	4.7569
6220	4.74236
6225	4.72941
6230	4.76004
6235	4.751
6240	4.75201
6245	4.7581
6250	4.75492
6255	4.75288
6260	4.75399
6265	4.75726
6270	4.75276
6275	4.75175
6280	4.7622
6285	4.75162
6290	4.7579
6295	4.74852
6300	4.73868
6305	4.74156
6310	4.74384
6315	4.74174
6320	4.74585
6325	4.74403
6330	4.73524
6335	4.74096
6340	4.73876
6345	4.74182
6350	4.74123
6355	4.73811
6360	4.74061
6365	4.73911
6370	4.74115
6375	4.73573
6380	4.73839
6385	4.73824
6390	4.7371
6395	4.7375
6400	4.73554
6405	4.73763
6410	4.73738
6415	4.73555
6420	4.7333
6425	4.73891
6430	4.73273
6435	4.73085
6440	4.73347
6445	4.73329
6450	4.7321
6455	4.73755
6460	4.72925
6465	4.73345
6470	4.72965
6475	4.72896
6480	4.73372
6485	4.72455
6490	4.73257
6495	4.73448
6500	4.73269
6505	4.72942
6510	4.72718
6515	4.72815
6520	4.72663
6525	4.72844
6530	4.73941
6535	4.73674
6540	4.724
6545	4.7296
6550	4.72141
6555	4.72285
6560	4.72335
6565	4.72601
6570	4.73306
6575	4.72576
6580	4.72551
6585	4.7298
6590	4.72844
6595	4.73719
6600	4.73193
6605	4.72908
6610	4.7253
6615	4.72652
6620	4.73316
6625	4.73688
6630	4.72837
6635	4.71831
6640	4.72645
6645	4.73621
6650	4.73463
6655	4.72317
6660	4.72794
6665	4.72794
6670	4.72635
6675	4.73055
6680	4.72794
6685	4.72826
6690	4.72917
6695	4.73574
6700	4.73145
6705	4.72415
6710	4.73184
6715	4.72793
6720	4.72537
6725	4.72618
6730	4.72864
6735	4.72913
6740	4.73063
6745	4.72631
6750	4.72638
6755	4.72904
6760	4.72664
6765	4.72504
6770	4.72109
6775	4.73106
6780	4.73245
6785	4.72593
6790	4.72934
6795	4.72647
6800	4.72898
6805	4.72532
6810	4.72653
6815	4.72606
6820	4.72299
6825	4.70635
6830	4.73423
6835	4.73099
6840	4.73744
6845	4.73373
6850	4.73358
6855	4.73977
6860	4.74646
6865	4.74866
6870	4.74756
6875	4.74483
6880	4.74158
6885	4.74414
6890	4.73948
6895	4.73474
6900	4.74061
6905	4.74633
6910	4.74078
6915	4.73433
6920	4.73338
6925	4.73943
6930	4.73746
6935	4.73147
6940	4.73617
6945	4.7318
6950	4.73552
6955	4.73555
6960	4.73529
6965	4.72872
6970	4.73263
6975	4.73484
6980	4.73266
6985	4.73226
6990	4.73385
6995	4.72921
7000	4.73405
7005	4.73491
7010	4.72797
7015	4.72442
7020	4.7272
7025	4.73142
7030	4.73261
7035	4.72856
7040	4.72969
7045	4.72882
7050	4.73083
7055	4.72609
7060	4.73024
7065	4.73255
7070	4.72182
7075	4.72886
7080	4.72842
7085	4.72706
7090	4.72859
7095	4.72517
7100	4.72423
7105	4.72146
7110	4.72788
7115	4.72591
7120	4.7207
7125	4.7235
7130	4.72203
7135	4.7235
7140	4.72465
7145	4.7217
7150	4.729
7155	4.72435
7160	4.72001
7165	4.71746
7170	4.72129
7175	4.72617
7180	4.71924
7185	4.72539
7190	4.72395
7195	4.72684
7200	4.72327
7205	4.72242
7210	4.71714
7215	4.71688
7220	4.71988
7225	4.72306
7230	4.72694
7235	4.72101
7240	4.72135
7245	4.7211
7250	4.71386
7255	4.71818
7260	4.72505
7265	4.72379
7270	4.72149
7275	4.71436
7280	4.72384
7285	4.72204
7290	4.71821
7295	4.72097
7300	4.72207
7305	4.72159
7310	4.71676
7315	4.71373
7320	4.72466
7325	4.72342
7330	4.71875
7335	4.71463
7340	4.71676
7345	4.7214
7350	4.71736
7355	4.7186
7360	4.71593
7365	4.71924
7370	4.71619
7375	4.71424
7380	4.71443
7385	4.71368
7390	4.71662
7395	4.71539
7400	4.71872
7405	4.71871
7410	4.71626
7415	4.71622
7420	4.70938
7425	4.69944
7430	4.72815
7435	4.72349
7440	4.72256
7445	4.71925
7450	4.72592
7455	4.71717
7460	4.72235
7465	4.72778
7470	4.72429
7475	4.72428
7480	4.72506
7485	4.72443
7490	4.72372
7495	4.72534
7500	4.73187
7505	4.72224
7510	4.71986
7515	4.71885
7520	4.72185
7525	4.72307
7530	4.71899
7535	4.71272
7540	4.71861
7545	4.71523
7550	4.71505
7555	4.71508
7560	4.71448
7565	4.71259
7570	4.71727
7575	4.71158
7580	4.71527
7585	4.71148
7590	4.71506
7595	4.71179
7600	4.71286
7605	4.70556
7610	4.70872
7615	4.71353
7620	4.71185
7625	4.70861
7630	4.71287
7635	4.71405
7640	4.70376
7645	4.70817
7650	4.71148
7655	4.71081
7660	4.70322
7665	4.70426
7670	4.70397
7675	4.71685
7680	4.71214
7685	4.71379
7690	4.71149
7695	4.7155
7700	4.70805
7705	4.70765
7710	4.70656
7715	4.70968
7720	4.71049
7725	4.7064
7730	4.70551
7735	4.71252
7740	4.71167
7745	4.70924
7750	4.70412
7755	4.71137
7760	4.71026
7765	4.7023
7770	4.70397
7775	4.70958
7780	4.7071
7785	4.70373
7790	4.70108
7795	4.7053
7800	4.698
7805	4.70473
7810	4.69808
7815	4.704
7820	4.70269
7825	4.70314
7830	4.70185
7835	4.70656
7840	4.70395
7845	4.70245
7850	4.70075
7855	4.70473
7860	4.70154
7865	4.69985
7870	4.69815
7875	4.70009
7880	4.70389
7885	4.70326
7890	4.7004
7895	4.69781
7900	4.69664
7905	4.70839
7910	4.7062
7915	4.70148
7920	4.69644
7925	4.70058
7930	4.70395
7935	4.69686
7940	4.69705
7945	4.6974
7950	4.70569
7955	4.69604
7960	4.69798
7965	4.70028
7970	4.69903
7975	4.69566
7980	4.70187
7985	4.70257
7990	4.70592
7995	4.70426
8000	4.69945
8005	4.69491
8010	4.69989
8015	4.69999
8020	4.69484
8025	4.66826
8030	4.70445
8035	4.71073
8040	4.71148
8045	4.7116
8050	4.71568
8055	4.71834
8060	4.72026
8065	4.72245
8070	4.72187
8075	4.72253
8080	4.72655
8085	4.72055
8090	4.72205
8095	4.72457
8100	4.72074
8105	4.72372
8110	4.72292
8115	4.71839
8120	4.71779
8125	4.72132
8130	4.71912
8135	4.72108
8140	4.72348
8145	4.71585
8150	4.71398
8155	4.71947
8160	4.71586
8165	4.71957
8170	4.71783
8175	4.71705
8180	4.71506
8185	4.71277
8190	4.71227
8195	4.71605
8200	4.71359
8205	4.70763
8210	4.7132
8215	4.71739
8220	4.71462
8225	4.71128
8230	4.71315
8235	4.70807
8240	4.7111
8245	4.70977
8250	4.71288
8255	4.71077
8260	4.71161
8265	4.71217
8270	4.71166
8275	4.70757
8280	4.70865
8285	4.70999
8290	4.71061
8295	4.70785
8300	4.71128
8305	4.71295
8310	4.71027
8315	4.71045
8320	4.71527
8325	4.71316
8330	4.70683
8335	4.69985
8340	4.70741
8345	4.7135
8350	4.71003
8355	4.70491
8360	4.71069
8365	4.70691
8370	4.70655
8375	4.70817
8380	4.70728
8385	4.70257
8390	4.70627
8395	4.70541
8400	4.70602
8405	4.70754
8410	4.70263
8415	4.70464
8420	4.70939
8425	4.70586
8430	4.70308
8435	4.70422
8440	4.70557
8445	4.70451
8450	4.70913
8455	4.70068
8460	4.69912
8465	4.70011
8470	4.70296
8475	4.70057
8480	4.70066
8485	4.6988
8490	4.70493
8495	4.70607
8500	4.70124
8505	4.69978
8510	4.70641
8515	4.70181
8520	4.70229
8525	4.70146
8530	4.69902
8535	4.69504
8540	4.69709
8545	4.70162
8550	4.70531
8555	4.69704
8560	4.69727
8565	4.7032
8570	4.70198
8575	4.69647
8580	4.69934
8585	4.70371
8590	4.7008
8595	4.69952
8600	4.69876
8605	4.6975
8610	4.69637
8615	4.69966
8620	4.69405
8625	4.67262
8630	4.69932
8635	4.69166
8640	4.696
8645	4.69938
8650	4.69778
8655	4.69948
8660	4.70001
8665	4.70343
8670	4.70264
8675	4.70489
8680	4.70763
8685	4.70159
8690	4.70448
8695	4.6997
8700	4.69683
8705	4.70005
8710	4.6999
8715	4.70002
8720	4.69697
8725	4.70121
8730	4.70047
8735	4.69886
8740	4.6984
8745	4.69626
8750	4.69444
8755	4.69374
8760	4.69467
8765	4.69524
8770	4.69364
8775	4.69069
8780	4.69077
8785	4.69281
8790	4.68957
8795	4.69698
8800	4.69367
8805	4.68979
8810	4.69287
8815	4.68909
8820	4.69268
8825	4.68611
8830	4.68884
8835	4.69237
8840	4.68713
8845	4.68708
8850	4.68842
8855	4.68743
8860	4.68473
8865	4.68606
8870	4.68341
8875	4.68281
8880	4.68447
8885	4.68134
8890	4.68473
8895	4.681
8900	4.68678
8905	4.68792
8910	4.68788
8915	4.68655
8920	4.68249
8925	4.68824
8930	4.68294
8935	4.68472
8940	4.68303
8945	4.68828
8950	4.68447
8955	4.67926
8960	4.685
8965	4.68051
8970	4.684
8975	4.67973
8980	4.6812
8985	4.68286
8990	4.68138
8995	4.67822
9000	4.67885
9005	4.68536
9010	4.68272
9015	4.68267
9020	4.68299
9025	4.68114
9030	4.68326
9035	4.67964
9040	4.67952
9045	4.67887
9050	4.67959
9055	4.67413
9060	4.67771
9065	4.6809
9070	4.68114
9075	4.68224
9080	4.67881
9085	4.67974
9090	4.67442
9095	4.67585
9100	4.67775
9105	4.67722
9110	4.67455
9115	4.67331
9120	4.68115
9125	4.67659
9130	4.67585
9135	4.67749
9140	4.68336
9145	4.6827
9150	4.67401
9155	4.67848
9160	4.67722
9165	4.67906
9170	4.67659
9175	4.67781
9180	4.67436
9185	4.67487
9190	4.67911
9195	4.67038
9200	4.67424
9205	4.67548
9210	4.67609
9215	4.67455
9220	4.67277
9225	4.64981
9230	4.66726
9235	4.67432
9240	4.67187
9245	4.67997
9250	4.67705
9255	4.6773
9260	4.68468
9265	4.6837
9270	4.68473
9275	4.6828
9280	4.68457
9285	4.68824
9290	4.68621
9295	4.68278
9300	4.68366
9305	4.68266
9310	4.68248
9315	4.68298
9320	4.67943
9325	4.68071
9330	4.67561
9335	4.68116
9340	4.67865
9345	4.67878
9350	4.67493
9355	4.67737
9360	4.675
9365	4.6761
9370	4.67338
9375	4.6799
9380	4.67481
9385	4.6717
9390	4.67107
9395	4.6721
9400	4.67411
9405	4.67359
9410	4.67714
9415	4.67334
9420	4.67563
9425	4.66904
9430	4.67191
9435	4.67171
9440	4.67293
9445	4.66948
9450	4.67356
9455	4.67083
9460	4.6698
9465	4.67022
9470	4.67099
9475	4.67369
9480	4.67134
9485	4.67258
9490	4.67278
9495	4.67444
9500	4.67016
9505	4.66973
9510	4.67
9515	4.67552
9520	4.67239
9525	4.67275
9530	4.66912
9535	4.66899
9540	4.67247
9545	4.66998
9550	4.66872
9555	4.669
9560	4.67433
9565	4.66544
9570	4.6665
9575	4.66942
9580	4.66777
9585	4.66635
9590	4.66876
9595	4.66921
9600	4.67332
9605	4.67104
9610	4.66837
9615	4.66793
9620	4.66872
9625	4.66906
9630	4.66519
9635	4.66777
9640	4.6683
9645	4.67126
9650	4.66668
9655	4.66369
9660	4.66468
9665	4.66999
9670	4.66526
9675	4.6665
9680	4.66534
9685	4.66726
9690	4.66843
9695	4.6666
9700	4.66536
9705	4.66605
9710	4.66488
9715	4.66416
9720	4.6685
9725	4.66668
9730	4.66755
9735	4.66335
9740	4.66557
9745	4.66289
9750	4.66515
9755	4.66232
9760	4.661
9765	4.66305
9770	4.66499
9775	4.66645
9780	4.66264
9785	4.66271
9790	4.66431
9795	4.66632
9800	4.66063
9805	4.66213
9810	4.6637
9815	4.66388
9820	4.65041
9825	4.62405
9830	4.63624
9835	4.6542
9840	4.65629
9845	4.65679
9850	4.66294
9855	4.6654
9860	4.66425
9865	4.67101
9870	4.67486
9875	4.67548
9880	4.67407
9885	4.67316
9890	4.67019
9895	4.67086
9900	4.67462
9905	4.67335
9910	4.67134
9915	4.6696
9920	4.66582
9925	4.66841
9930	4.66808
9935	4.66899
9940	4.66912
9945	4.66431
9950	4.66662
9955	4.66693
9960	4.66693
9965	4.6669
9970	4.66462
9975	4.6622
9980	4.66177
9985	4.66594
9990	4.66344
9995	4.66329
10000	4.66371
10005	4.66331
10010	4.66346
10015	4.66275
10020	4.66292
10025	4.65928
10030	4.66009
10035	4.66084
10040	4.65903
10045	4.65877
10050	4.65629
10055	4.65982
10060	4.65784
10065	4.65962
10070	4.65704
10075	4.65666
10080	4.658
10085	4.65297
10090	4.65662
10095	4.65627
10100	4.65768
10105	4.65765
10110	4.65602
10115	4.6547
10120	4.65002
10125	4.65184
10130	4.6507
10135	4.65081
10140	4.65331
10145	4.65313
10150	4.65439
10155	4.64835
10160	4.65213
10165	4.65235
10170	4.65049
10175	4.65042
10180	4.6511
10185	4.65091
10190	4.64982
10195	4.65108
10200	4.65016
10205	4.65143
10210	4.65057
10215	4.65006
10220	4.64946
10225	4.64637
10230	4.65147
10235	4.65047
10240	4.64474
10245	4.64989
10250	4.64907
10255	4.64859
10260	4.64603
10265	4.64529
10270	4.6499
10275	4.6468
10280	4.64751
10285	4.64638
10290	4.64269
10295	4.64549
10300	4.64756
10305	4.64876
10310	4.64819
10315	4.64812
10320	4.64246
10325	4.64281
10330	4.64335
10335	4.64286
10340	4.64725
10345	4.64587
10350	4.64349
10355	4.64586
10360	4.64856
10365	4.64796
10370	4.6438
10375	4.64312
10380	4.64117
10385	4.6408
10390	4.6425
10395	4.64385
10400	4.64499
10405	4.64464
10410	4.64583
10415	4.64366
10420	4.64185
10425	4.61563
10430	4.61729
10435	4.63551
10440	4.63972
10445	4.63981
10450	4.64116
10455	4.6386
10460	4.64368
10465	4.64387
10470	4.64741
10475	4.64829
10480	4.64956
10485	4.6485
10490	4.64617
10495	4.64606
10500	4.64737
10505	4.6492
10510	4.64626
10515	4.64752
10520	4.64393
10525	4.64541
10530	4.6461
10535	4.6479
10540	4.64679
10545	4.64538
10550	4.64294
10555	4.64109
10560	4.64281
10565	4.64093
10570	4.64103
10575	4.638
10580	4.64151
10585	4.64211
10590	4.6468
10595	4.6435
10600	4.63981
10605	4.63857
10610	4.64062
10615	4.64219
10620	4.63908
10625	4.63962
10630	4.63949
10635	4.64244
10640	4.63898
10645	4.63938
10650	4.63917
10655	4.63874
10660	4.64128
10665	4.64027
10670	4.64403
10675	4.63699
10680	4.63959
10685	4.63749
10690	4.63932
10695	4.63882
10700	4.6401
10705	4.63997
10710	4.64009
10715	4.64066
10720	4.63768
10725	4.63934
10730	4.63842
10735	4.64379
10740	4.63947
10745	4.63821
10750	4.63792
10755	4.63891
10760	4.63707
10765	4.64013
10770	4.63965
10775	4.63755
10780	4.63926
10785	4.63906
10790	4.64242
10795	4.64041
10800	4.64244
10805	4.64123
10810	4.64389
10815	4.6386
10820	4.63945
10825	4.63904
10830	4.63767
10835	4.63953
10840	4.63775
10845	4.64162
10850	4.64069
10855	4.64473
10860	4.64127
10865	4.64103
10870	4.64004
10875	4.64239
10880	4.64345
10885	4.64168
10890	4.64113
10895	4.63719
10900	4.64204
10905	4.64203
10910	4.64161
10915	4.63986
10920	4.64405
10925	4.64057
10930	4.64192
10935	4.64368
10940	4.6467
10945	4.64335
10950	4.64284
10955	4.64408
10960	4.64284
10965	4.64244
10970	4.64116
10975	4.6454
10980	4.64189
10985	4.64458
10990	4.64537
10995	4.64321
11000	4.64485
11005	4.64389
11010	4.64519
11015	4.64441
