5	4.95224
10	4.9575
15	4.96563
20	4.96512
25	4.96101
30	4.96733
35	4.9638
40	4.95205
45	4.95662
50	4.95702
55	4.95426
60	4.95572
65	4.96174
70	5.00345
75	5.0472
80	5.05895
85	5.06321
90	5.07088
95	5.07166
100	5.07178
105	5.06979
110	5.07035
115	5.06642
120	5.06653
125	5.06631
130	5.06429
135	5.06622
140	5.06598
145	5.06594
150	5.06399
155	5.06502
160	5.06295
165	5.06119
170	5.06163
175	5.06106
180	5.05868
185	5.05716
190	5.05411
195	5.05492
200	5.05533
205	5.05085
210	5.0505
215	5.04992
220	5.04486
225	5.09494
230	5.1275
235	5.13417
240	5.13864
245	5.13579
250	5.12595
255	5.12484
260	5.12361
265	5.11866
270	5.11212
275	5.10406
280	5.10457
285	5.09999
290	5.08918
295	5.09042
300	5.0908
305	5.08725
310	5.07603
315	5.06188
320	5.07466
325	5.07573
330	5.0668
335	5.06644
340	5.07049
345	5.06999
350	5.06637
355	5.06278
360	5.0641
365	5.06051
370	5.05397
375	5.05579
380	5.05811
385	5.05804
390	5.05446
395	5.05587
400	5.05473
405	5.04718
410	5.04663
415	5.04939
420	5.049
425	5.0451
430	5.04161
435	5.0452
440	5.04948
445	5.044
450	5.03807
455	5.03888
460	5.04272
465	5.04715
470	5.04238
475	5.03876
480	5.03453
485	5.03567
490	5.04106
495	5.03187
500	5.02913
505	5.03521
510	5.03499
515	5.0403
520	5.03854
525	5.03655
530	5.02986
535	5.02964
540	5.03156
545	5.02316
550	5.01941
555	5.02467
560	5.02232
565	5.03658
570	5.0367
575	5.03464
580	5.02988
585	5.026
590	5.0293
595	5.03248
600	5.02289
605	5.01987
610	5.01912
615	5.0261
620	5.02711
625	5.02584
630	5.02299
635	5.01948
640	5.02209
645	5.02753
650	5.02188
655	5.01859
660	5.01869
665	5.02259
670	5.02536
675	5.02359
680	5.02268
685	5.01608
690	5.01738
695	5.02473
700	5.02221
705	5.01568
710	5.01671
715	5.02038
720	5.02415
725	5.01354
730	5.02109
735	5.01968
740	5.01857
745	5.02546
750	5.02557
755	5.01576
760	5.01268
765	5.01462
770	5.01952
775	5.02279
780	5.0209
785	5.01704
790	5.01325
795	5.01783
800	5.02282
805	5.01682
810	5.01359
815	5.00986
820	5.01298
825	5.05214
830	5.07225
835	5.07939
840	5.07875
845	5.07838
850	5.0868
855	5.08742
860	5.07968
865	5.07542
870	5.07691
875	5.07943
880	5.07694
885	5.07436
890	5.06843
895	5.06373
900	5.0705
905	5.06898
910	5.06014
915	5.05578
920	5.05933
925	5.06359
930	5.05949
935	5.05432
940	5.04814
945	5.04932
950	5.05372
955	5.04913
960	5.03942
965	5.03795
970	5.04584
975	5.05012
980	5.04329
985	5.0287
990	5.0295
995	5.04433
1000	5.0495
1005	5.04143
1010	5.03246
1015	5.0319
1020	5.0399
1025	5.03869
1030	5.03685
1035	5.03413
1040	5.03085
1045	5.03465
1050	5.0391
1055	5.0294
1060	5.02509
1065	5.02652
1070	5.03375
1075	5.03379
1080	5.03123
1085	5.02371
1090	5.02423
1095	5.02899
1100	5.02135
1105	5.01772
1110	5.02414
1115	5.03244
1120	5.03567
1125	5.03119
1130	5.0279
1135	5.02114
1140	5.02168
1145	5.02977
1150	5.02367
1155	5.01685
1160	5.01697
1165	5.0253
1170	5.03165
1175	5.02697
1180	5.02348
1185	5.01879
1190	5.02466
1195	5.02839
1200	5.02065
1205	5.01717
1210	5.02041
1215	5.01899
1220	5.01839
1225	5.02768
1230	5.02571
1235	5.01889
1240	5.02266
1245	5.02878
1250	5.02147
1255	5.01457
1260	5.01839
1265	5.02763
1270	5.02445
1275	5.02415
1280	5.02121
1285	5.01619
1290	5.0223
1295	5.0248
1300	5.01814
1305	5.0112
1310	5.01761
1315	5.02526
1320	5.02401
1325	5.02241
1330	5.01173
1335	5.00709
1340	5.0254
1345	5.02689
1350	5.0198
1355	5.01669
1360	5.02165
1365	5.02538
1370	5.02614
1375	5.02249
1380	5.01431
1385	5.01584
1390	5.02191
1395	5.02181
1400	5.01379
1405	5.0114
1410	5.01838
1415	5.02166
1420	5.02003
1425	5.03788
1430	5.03929
1435	5.04359
1440	5.05135
1445	5.06096
1450	5.05767
1455	5.05962
1460	5.06788
1465	5.07131
1470	5.0708
1475	5.0661
1480	5.05922
1485	5.05944
1490	5.06222
1495	5.05753
1500	5.04887
1505	5.0473
1510	5.05058
1515	5.05608
1520	5.05427
1525	5.04714
1530	5.04441
1535	5.04808
1540	5.05152
1545	5.04052
1550	5.02109
1555	5.0323
1560	5.04426
1565	5.05045
1570	5.04314
1575	5.03805
1580	5.03217
1585	5.04025
1590	5.04222
1595	5.02948
1600	5.02733
1605	5.03213
1610	5.03728
1615	5.03901
1620	5.03252
1625	5.02688
1630	5.0285
1635	5.03385
1640	5.02955
1645	5.02245
1650	5.02492
1655	5.03318
1660	5.03436
1665	5.02702
1670	5.02506
1675	5.02505
1680	5.03362
1685	5.03566
1690	5.02307
1695	5.02216
1700	5.02667
1705	5.02901
1710	5.0225
1715	5.02233
1720	5.02346
1725	5.02922
1730	5.02911
1735	5.01944
1740	5.01695
1745	5.02169
1750	5.02836
1755	5.02879
1760	5.02635
1765	5.0127
1770	5.02579
1775	5.03462
1780	5.02627
1785	5.01329
1790	5.01879
1795	5.02642
1800	5.02761
1805	5.02484
1810	5.01958
1815	5.01738
1820	5.02588
1825	5.024
1830	5.01458
1835	5.01412
1840	5.01422
1845	5.02473
1850	5.02853
1855	5.0251
1860	5.01628
1865	5.01796
1870	5.0264
1875	5.02225
1880	5.01355
1885	5.01634
1890	5.02492
1895	5.02691
1900	5.01994
1905	5.01277
1910	5.01051
1915	5.01948
1920	5.02504
1925	5.016
1930	5.01228
1935	5.01835
1940	5.0256
1945	5.02488
1950	5.02069
1955	5.01191
1960	5.0144
1965	5.0253
1970	5.02184
1975	5.0088
1980	5.01075
1985	5.02225
1990	5.02371
1995	5.01869
2000	5.01592
2005	5.01368
2010	5.02013
2015	5.01673
2020	4.99836
2025	5.01942
2030	5.03183
2035	5.04293
2040	5.05417
2045	5.05382
2050	5.05216
2055	5.05512
2060	5.06668
2065	5.06224
2070	5.05396
2075	5.05168
2080	5.05639
2085	5.06135
2090	5.05223
2095	5.04728
2100	5.04674
2105	5.05012
2110	5.05121
2115	5.03967
2120	5.0378
2125	5.047
2130	5.04492
2135	5.04504
2140	5.03582
2145	5.03305
2150	5.04085
2155	5.04666
2160	5.03541
2165	5.02507
2170	5.03208
2175	5.041
2180	5.04276
2185	5.03599
2190	5.03117
2195	5.03203
2200	5.03505
2205	5.03389
2210	5.02408
2215	5.02409
2220	5.03467
2225	5.03969
2230	5.0344
2235	5.02466
2240	5.02058
2245	5.02578
2250	5.02752
2255	5.02404
2260	5.02179
2265	5.02535
2270	5.03189
2275	5.03201
2280	5.02536
2285	5.01967
2290	5.02377
2295	5.03125
2300	5.02196
2305	5.01595
2310	5.0206
2315	5.02971
2320	5.02814
2325	5.02637
2330	5.01648
2335	5.01894
2340	5.0305
2345	5.02387
2350	5.01537
2355	5.02017
2360	5.02489
2365	5.02611
2370	5.02077
2375	5.01045
2380	5.00791
2385	5.03029
2390	5.0274
2395	5.01565
2400	5.01516
2405	5.02481
2410	5.02466
2415	5.01842
2420	5.01672
2425	5.01208
2430	5.01376
2435	5.02065
2440	5.01234
2445	5.01094
2450	5.01715
2455	5.02064
2460	5.02119
2465	5.01338
2470	5.00955
2475	5.01627
2480	5.0235
2485	5.01704
2490	5.00783
2495	5.01124
2500	5.01844
2505	5.01636
2510	5.01163
2515	5.01466
2520	5.01262
2525	5.01966
2530	5.01768
2535	5.00639
2540	5.00688
2545	5.01132
2550	5.01654
2555	5.01551
2560	5.01528
2565	5.01276
2570	5.0184
2575	5.02153
2580	5.01014
2585	5.00372
2590	5.00944
2595	5.01835
2600	5.01909
2605	5.00791
2610	5.00536
2615	5.01034
2620	5.00698
2625	5.02302
2630	5.02485
2635	5.02912
2640	5.03729
2645	5.04959
2650	5.04376
2655	5.04531
2660	5.04617
2665	5.04242
2670	5.04857
2675	5.04767
2680	5.03609
2685	5.03977
2690	5.0449
2695	5.04479
2700	5.04492
2705	5.03466
2710	5.01986
2715	5.03645
2720	5.04355
2725	5.0371
2730	5.02469
2735	5.03132
2740	5.03286
2745	5.03733
2750	5.03143
2755	5.02579
2760	5.02856
2765	5.02954
2770	5.02978
2775	5.0207
2780	5.02265
2785	5.03057
2790	5.02948
2795	5.02608
2800	5.02571
2805	5.02008
2810	5.02331
2815	5.02746
2820	5.02192
2825	5.00658
2830	5.00324
2835	5.02653
2840	5.03189
2845	5.0247
2850	5.0179
2855	5.01527
2860	5.02622
2865	5.02807
2870	5.0101
2875	5.0049
2880	5.00763
2885	5.01918
2890	5.02948
2895	5.02307
2900	5.01151
2905	5.01318
2910	5.0221
2915	5.01409
2920	5.00631
2925	5.00028
2930	5.01793
2935	5.02576
2940	5.01988
2945	5.01498
2950	5.01025
2955	5.00982
2960	5.02211
2965	5.00521
2970	4.9835
2975	5.0007
2980	5.02719
2985	5.02675
2990	5.01675
2995	4.99888
3000	5.00149
3005	5.01882
3010	5.02389
3015	5.00856
3020	4.99685
3025	5.00959
3030	5.02297
3035	5.01945
3040	5.01306
3045	5.00336
3050	5.00377
3055	5.00668
3060	5.00659
3065	5.00156
3070	4.9983
3075	5.00761
3080	5.01617
3085	5.01595
3090	5.00687
3095	4.99999
3100	5.00624
3105	5.01241
3110	5.00849
3115	4.99661
3120	4.99394
3125	5.00855
3130	5.015
3135	5.00564
3140	4.99379
3145	4.99618
3150	5.00834
3155	5.01064
3160	5.00361
3165	4.99611
3170	5.0043
3175	5.00783
3180	5.00744
3185	5.00482
3190	5.00203
3195	4.99921
3200	5.00408
3205	5.00654
3210	4.99268
3215	4.99688
3220	4.9859
3225	5.00877
3230	5.01694
3235	5.02722
3240	5.02201
3245	5.0238
3250	5.02803
3255	5.02157
3260	5.02167
3265	5.02834
3270	5.03152
3275	5.02761
3280	5.027
3285	5.03265
3290	5.03494
3295	5.01649
3300	5.02307
3305	5.03295
3310	5.03242
3315	5.01805
3320	5.01806
3325	5.02322
3330	5.01991
3335	5.00067
3340	5.01244
3345	5.0276
3350	5.02293
3355	5.0066
3360	5.00447
3365	5.01471
3370	5.00345
3375	5.00177
3380	5.00966
3385	5.01762
3390	5.01385
3395	5.01133
3400	5.009
3405	5.01039
3410	5.00254
3415	4.99232
3420	5.00706
3425	5.00653
3430	5.01175
3435	5.00438
3440	4.99725
3445	5.01358
3450	5.00694
3455	4.99764
3460	4.99829
3465	5.00364
3470	5.00244
3475	5.00597
3480	4.99872
3485	4.99982
3490	4.99547
3495	4.99462
3500	5.00743
3505	5.00321
3510	4.99707
3515	4.98813
3520	4.99543
3525	5.00479
3530	4.9938
3535	4.99336
3540	4.99836
3545	5.00142
3550	4.99804
3555	4.99574
3560	4.99462
3565	4.98085
3570	4.9702
3575	4.99728
3580	5.00562
3585	4.9972
3590	4.99316
3595	5.00233
3600	5.00777
3605	4.99274
3610	4.98554
3615	4.99906
3620	5.00085
3625	4.99035
3630	4.98293
3635	5.006
3640	4.99911
3645	4.98245
3650	4.99313
3655	4.99399
3660	4.99547
3665	4.98803
3670	4.98839
3675	4.99083
3680	4.98785
3685	4.99398
3690	4.99414
3695	4.98791
3700	4.98489
3705	4.98314
3710	4.98888
3715	5.00039
3720	4.98418
3725	4.97754
3730	4.99484
3735	5.0013
3740	4.98741
3745	4.97365
3750	4.98958
3755	4.99592
3760	4.98119
3765	4.97941
3770	4.98537
3775	4.98861
3780	4.99106
3785	4.9869
3790	4.98228
3795	4.98687
3800	4.98192
3805	4.98996
3810	4.98976
3815	4.98414
3820	4.96934
3825	4.98409
3830	4.99661
3835	5.00851
3840	5.00652
3845	5.01149
3850	5.01467
3855	5.02268
3860	5.02999
3865	5.01769
3870	5.00886
3875	5.01935
3880	5.02674
3885	5.01109
3890	4.99892
3895	5.01537
3900	5.02754
3905	5.02215
3910	5.01168
3915	5.01146
3920	5.01162
3925	5.01517
3930	5.01298
3935	5.00074
3940	5.00595
3945	5.01136
3950	5.01426
3955	5.00499
3960	5.00421
3965	5.00411
3970	5.00609
3975	5.0063
3980	5.0055
3985	5.00366
3990	4.99725
3995	4.99628
4000	5.00499
4005	4.99911
4010	4.99399
4015	4.99702
4020	5.0086
4025	4.98511
4030	4.99755
4035	4.99659
4040	4.99729
4045	5.00175
4050	4.99452
4055	4.98184
4060	4.98854
4065	5.00779
4070	4.98636
4075	4.98917
4080	4.99313
4085	4.99691
4090	5.00116
4095	4.99615
4100	4.99049
4105	4.9813
4110	4.98985
4115	4.9875
4120	4.9926
4125	4.98911
4130	4.99659
4135	4.99475
4140	4.98658
4145	4.97296
4150	4.98579
4155	4.99684
4160	4.97934
4165	4.98851
4170	4.98265
4175	4.986
4180	4.99443
4185	4.98272
4190	4.98206
4195	4.99205
4200	4.99168
4205	4.97752
4210	4.97278
4215	4.99832
4220	4.99621
4225	4.98275
4230	4.96939
4235	4.9706
4240	4.99096
4245	4.98139
4250	4.97811
4255	4.98172
4260	4.98349
4265	4.99312
4270	4.98897
4275	4.97167
4280	4.98706
4285	4.98123
4290	4.981
4295	4.97874
4300	4.98442
4305	4.98132
4310	4.97724
4315	4.98582
4320	4.9822
4325	4.97847
4330	4.97615
4335	4.97759
4340	4.98484
4345	4.9836
4350	4.98303
4355	4.96641
4360	4.9757
4365	4.98967
4370	4.98833
4375	4.97569
4380	4.9621
4385	4.98007
4390	4.98527
4395	4.97625
4400	4.9816
4405	4.97642
4410	4.97265
4415	4.97134
4420	4.95001
4425	4.97833
4430	4.99437
4435	4.99826
4440	5.00316
4445	4.99415
4450	4.99559
4455	5.0131
4460	5.00675
4465	4.99378
4470	5.01019
4475	5.02294
4480	4.99864
4485	4.99226
4490	4.99206
4495	5.00571
4500	5.00655
4505	4.99322
4510	4.99257
4515	4.99772
4520	4.99477
4525	4.99627
4530	4.98086
4535	4.9927
4540	5.00735
4545	4.99106
4550	4.98452
4555	5.00487
4560	4.9978
4565	4.97555
4570	4.97618
4575	4.99865
4580	4.98792
4585	4.98346
4590	4.98881
4595	4.99967
4600	4.99619
4605	4.98534
4610	4.97542
4615	4.98895
4620	4.97368
4625	4.9758
4630	4.98625
4635	4.99126
4640	4.98809
4645	4.97591
4650	4.97358
4655	4.99587
4660	4.98081
4665	4.97743
4670	4.97516
4675	4.98386
4680	4.99827
4685	4.97626
4690	4.98321
4695	4.98631
4700	4.98036
4705	4.96334
4710	4.97833
4715	4.98432
4720	4.98877
4725	4.97588
4730	4.9646
4735	4.98325
4740	4.97451
4745	4.95987
4750	4.97822
4755	4.99179
4760	4.9806
4765	4.97456
4770	4.98895
4775	4.97876
4780	4.96785
4785	4.97337
4790	4.98471
4795	4.98942
4800	4.9826
4805	4.9614
4810	4.97381
4815	4.98336
4820	4.96814
4825	4.97211
4830	4.96862
4835	4.98792
4840	4.9735
4845	4.96784
4850	4.97511
4855	4.97263
4860	4.97676
4865	4.97684
4870	4.97146
4875	4.98019
4880	4.98282
4885	4.96977
4890	4.96689
4895	4.98483
4900	4.96877
4905	4.96571
4910	4.97857
4915	4.97154
4920	4.96752
4925	4.96682
4930	4.97906
4935	4.98224
4940	4.95745
4945	4.95014
4950	4.96546
4955	4.9836
4960	4.96841
4965	4.9726
4970	4.97286
4975	4.97417
4980	4.95775
4985	4.95823
4990	4.96878
4995	4.98788
5000	4.97744
5005	4.96313
5010	4.96164
5015	4.95744
5020	4.9644
5025	4.97601
5030	4.97262
5035	4.98622
5040	4.9886
5045	4.99009
5050	4.98681
5055	5.00542
5060	4.99687
5065	4.98621
5070	5.00079
5075	4.99674
5080	4.99367
5085	4.98894
5090	4.99501
5095	4.99523
5100	4.98375
5105	4.98958
5110	5.00874
5115	5.00476
5120	4.98857
5125	4.97559
5130	4.98126
5135	4.98397
5140	4.96987
5145	4.97787
5150	4.9998
5155	4.99559
5160	4.9847
5165	4.97915
5170	4.98072
5175	4.98273
5180	4.97482
5185	4.96383
5190	4.97566
5195	4.98417
5200	4.98204
5205	4.97763
5210	4.97325
5215	4.96833
5220	4.97047
5225	4.98107
5230	4.98358
5235	4.97885
5240	4.96301
5245	4.97084
5250	4.98767
5255	4.96936
5260	4.95944
5265	4.97075
5270	4.98736
5275	4.96331
5280	4.96564
5285	4.96599
5290	4.96815
5295	4.96255
5300	4.96318
5305	4.98372
5310	4.96798
5315	4.96695
5320	4.97193
5325	4.96848
5330	4.98004
5335	4.95329
5340	4.95652
5345	4.98407
5350	4.96494
5355	4.96107
5360	4.97033
5365	4.95817
5370	4.96979
5375	4.96859
5380	4.96846
5385	4.96447
5390	4.96584
5395	4.95175
5400	4.96965
5405	4.96725
5410	4.96564
5415	4.93289
5420	4.95786
5425	4.97935
5430	4.96362
5435	4.95948
5440	4.96154
5445	4.96506
5450	4.96755
5455	4.95987
5460	4.96624
5465	4.95845
5470	4.96046
5475	4.94825
5480	4.95582
5485	4.97823
5490	4.95415
5495	4.95287
5500	4.95798
5505	4.96533
5510	4.9669
5515	4.95583
5520	4.95829
5525	4.95719
5530	4.95067
5535	4.94798
5540	4.96965
5545	4.96144
5550	4.96364
5555	4.9653
5560	4.95227
5565	4.95344
5570	4.96332
5575	4.97823
5580	4.96122
5585	4.95356
5590	4.95572
5595	4.9498
5600	4.95785
5605	4.95651
5610	4.93533
5615	4.9615
5620	4.96537
5625	4.96635
5630	4.95943
5635	4.98343
5640	4.97079
5645	4.96777
5650	4.99523
5655	4.98329
5660	4.98189
5665	4.98667
5670	4.99645
5675	4.97369
5680	4.98084
5685	4.99841
5690	4.99206
5695	4.98391
5700	4.98089
5705	4.98435
5710	4.96829
5715	4.96737
5720	4.98768
5725	4.98304
5730	4.9727
5735	4.98559
5740	4.98291
5745	4.9623
5750	4.95423
5755	4.96739
5760	4.98321
5765	4.95728
5770	4.97242
5775	4.98205
5780	4.97593
5785	4.97689
5790	4.97339
5795	4.97336
5800	4.96713
5805	4.95967
5810	4.95779
5815	4.96394
5820	4.97655
5825	4.96872
5830	4.96715
5835	4.95556
5840	4.96595
5845	4.97898
5850	4.94354
5855	4.96338
5860	4.97851
5865	4.9599
5870	4.96129
5875	4.97049
5880	4.97667
5885	4.95927
5890	4.94985
5895	4.97535
5900	4.96773
5905	4.94968
5910	4.96773
5915	4.97079
5920	4.95961
5925	4.95988
5930	4.9601
5935	4.9544
5940	4.95797
5945	4.9767
5950	4.94467
5955	4.94206
5960	4.96918
5965	4.96927
5970	4.95994
5975	4.96439
5980	4.97053
5985	4.95399
5990	4.95735
5995	4.95615
6000	4.97238
6005	4.96174
6010	4.95258
6015	4.95322
6020	4.96097
6025	4.96096
6030	4.96331
6035	4.95606
6040	4.94088
6045	4.96613
6050	4.95172
6055	4.95277
6060	4.95814
6065	4.96669
6070	4.94837
6075	4.95179
6080	4.97222
6085	4.9562
6090	4.93717
6095	4.95619
6100	4.95264
6105	4.95001
6110	4.95716
6115	4.95804
6120	4.9551
6125	4.97064
6130	4.96107
6135	4.95569
6140	4.95161
6145	4.96094
6150	4.95453
6155	4.93522
6160	4.96054
6165	4.95023
6170	4.94716
6175	4.96195
6180	4.95709
6185	4.94198
6190	4.95521
6195	4.9638
6200	4.96228
6205	4.95086
6210	4.95089
6215	4.96585
6220	4.93967
6225	4.95657
6230	4.96148
6235	4.96464
6240	4.97364
6245	4.97103
6250	4.98323
6255	4.97569
6260	4.97624
6265	4.98345
6270	4.98632
6275	4.97855
6280	4.98748
6285	4.97923
6290	4.9754
6295	4.99416
6300	4.98066
6305	4.96887
6310	4.97967
6315	4.97309
6320	4.96773
6325	4.97221
6330	4.97823
6335	4.96978
6340	4.97408
6345	4.96643
6350	4.95565
6355	4.97285
6360	4.97913
6365	4.96
6370	4.96114
6375	4.97659
6380	4.95746
6385	4.95675
6390	4.97959
6395	4.97451
6400	4.97281
6405	4.97613
6410	4.96844
6415	4.95618
6420	4.96405
6425	4.96646
6430	4.96671
6435	4.97588
6440	4.97192
6445	4.96842
6450	4.96657
6455	4.96934
6460	4.94687
6465	4.95983
6470	4.96657
6475	4.95693
6480	4.95883
6485	4.96764
6490	4.9608
6495	4.96345
6500	4.96118
6505	4.95353
6510	4.9697
6515	4.97376
6520	4.95434
6525	4.95744
6530	4.97845
6535	4.949
6540	4.95563
6545	4.96629
6550	4.95549
6555	4.95399
6560	4.969
6565	4.95852
6570	4.94322
6575	4.95199
6580	4.96789
6585	4.96078
6590	4.95522
6595	4.95936
6600	4.95858
6605	4.96187
6610	4.96527
6615	4.94671
6620	4.95157
6625	4.94234
6630	4.95683
6635	4.96129
6640	4.95849
6645	4.95936
6650	4.96066
6655	4.97151
6660	4.96061
6665	4.94668
6670	4.94902
6675	4.9585
6680	4.9575
6685	4.96771
6690	4.94861
6695	4.93913
6700	4.95918
6705	4.96158
6710	4.94858
6715	4.9576
6720	4.95159
6725	4.95312
6730	4.97159
6735	4.95949
6740	4.95076
6745	4.95125
6750	4.94708
6755	4.9507
6760	4.9406
6765	4.95175
6770	4.95444
6775	4.9485
6780	4.97509
6785	4.95549
6790	4.94498
6795	4.95855
6800	4.94835
6805	4.94573
6810	4.96985
6815	4.9588
6820	4.94279
6825	4.95839
6830	4.9676
6835	4.96328
6840	4.95957
6845	4.99025
6850	4.98328
6855	4.97735
6860	4.96378
6865	4.98157
6870	4.96699
6875	4.98407
6880	4.98522
6885	4.97552
6890	4.97972
6895	4.99065
6900	4.97067
6905	4.96279
6910	4.98631
6915	4.97341
6920	4.96052
6925	4.97384
6930	4.96764
6935	4.96413
6940	4.9692
6945	4.97755
6950	4.95572
6955	4.97111
6960	4.97448
6965	4.96395
6970	4.96642
6975	4.97541
6980	4.97017
6985	4.96489
6990	4.96854
6995	4.97299
7000	4.968
7005	4.96325
7010	4.96426
7015	4.95647
7020	4.96284
7025	4.96831
7030	4.95901
7035	4.9561
7040	4.97169
7045	4.96568
7050	4.96271
7055	4.97368
7060	4.96498
7065	4.95746
7070	4.96584
7075	4.9529
7080	4.95118
7085	4.96718
7090	4.96168
7095	4.95849
7100	4.9549
7105	4.97029
7110	4.96214
7115	4.95899
7120	4.95173
7125	4.95296
7130	4.9522
7135	4.96768
7140	4.97826
7145	4.95104
7150	4.96593
7155	4.97083
7160	4.96086
7165	4.95225
7170	4.96314
7175	4.94568
7180	4.94392
7185	4.96069
7190	4.96342
7195	4.95835
7200	4.96281
7205	4.95305
7210	4.95751
7215	4.96211
7220	4.96613
7225	4.94942
7230	4.94645
7235	4.95925
7240	4.94839
7245	4.93771
7250	4.94533
7255	4.94441
7260	4.95668
7265	4.96554
7270	4.9531
7275	4.93842
7280	4.9548
7285	4.95745
7290	4.95612
7295	4.94646
7300	4.94971
7305	4.9544
7310	4.95058
7315	4.96766
7320	4.96869
7325	4.94423
7330	4.95552
7335	4.96564
7340	4.93057
7345	4.94854
7350	4.95641
7355	4.95516
7360	4.94628
7365	4.95944
7370	4.95811
7375	4.94055
7380	4.95945
7385	4.94177
7390	4.95197
7395	4.9559
7400	4.95678
7405	4.93459
7410	4.94683
7415	4.95878
7420	4.95016
7425	4.95627
7430	4.95898
7435	4.95976
7440	4.97105
7445	4.97219
7450	4.9814
7455	4.97831
7460	4.9834
7465	4.96349
7470	4.98439
7475	4.97894
7480	4.97868
7485	4.98191
7490	4.98181
7495	4.9685
7500	4.95685
7505	4.96784
7510	4.97324
7515	4.97742
7520	4.96574
7525	4.95834
7530	4.97412
7535	4.96279
7540	4.96892
7545	4.97272
7550	4.9601
7555	4.97202
7560	4.96957
7565	4.9695
7570	4.96008
7575	4.96612
7580	4.95942
7585	4.96583
7590	4.96379
7595	4.95544
7600	4.95564
7605	4.96127
7610	4.94113
7615	4.96313
7620	4.96089
7625	4.95415
7630	4.96941
7635	4.95693
7640	4.95671
7645	4.97246
7650	4.96486
7655	4.96075
7660	4.96955
7665	4.94977
7670	4.94988
7675	4.9523
7680	4.95805
7685	4.95855
7690	4.94893
7695	4.95555
7700	4.96135
7705	4.94699
7710	4.94873
7715	4.95136
7720	4.94498
7725	4.95354
7730	4.95399
7735	4.94912
7740	4.96703
7745	4.96251
7750	4.94484
7755	4.9566
7760	4.95119
7765	4.94885
7770	4.95136
7775	4.94061
7780	4.94099
7785	4.94955
7790	4.94636
7795	4.95565
7800	4.95849
7805	4.93892
7810	4.9418
7815	4.95296
7820	4.94408
7825	4.95072
7830	4.94314
7835	4.93946
7840	4.96557
7845	4.95152
7850	4.95259
7855	4.95947
7860	4.95233
7865	4.94846
7870	4.95546
7875	4.94585
7880	4.95485
7885	4.95454
7890	4.93979
7895	4.94282
7900	4.94204
7905	4.94555
7910	4.94595
7915	4.93879
7920	4.93975
7925	4.95618
7930	4.95702
7935	4.95053
7940	4.95207
7945	4.94011
7950	4.94368
7955	4.94024
7960	4.94421
7965	4.95381
7970	4.93286
7975	4.94608
7980	4.94923
7985	4.94513
7990	4.94719
7995	4.93882
8000	4.93698
8005	4.94194
8010	4.94335
8015	4.93966
8020	4.95455
8025	4.95055
8030	4.95451
8035	4.95097
8040	4.94849
8045	4.95524
8050	4.97567
8055	4.97282
8060	4.97881
8065	4.9752
8070	4.96236
8075	4.96851
8080	4.97667
8085	4.95922
8090	4.97466
8095	4.97589
8100	4.95598
8105	4.96572
8110	4.97014
8115	4.96533
8120	4.9665
8125	4.96565
8130	4.95971
8135	4.96613
8140	4.95947
8145	4.96353
8150	4.95311
8155	4.95334
8160	4.96677
8165	4.95104
8170	4.95281
8175	4.95557
8180	4.95564
8185	4.95796
8190	4.95962
8195	4.95267
8200	4.96366
8205	4.95851
8210	4.95897
8215	4.97246
8220	4.96311
8225	4.96234
8230	4.96257
8235	4.95383
8240	4.95482
8245	4.95829
8250	4.94533
8255	4.95411
8260	4.95251
8265	4.93372
8270	4.95479
8275	4.96539
8280	4.95021
8285	4.95393
8290	4.95943
8295	4.94648
8300	4.95756
8305	4.94972
8310	4.95992
8315	4.95691
8320	4.96373
8325	4.96627
8330	4.94857
8335	4.94725
8340	4.94822
8345	4.95468
8350	4.95277
8355	4.94403
8360	4.9431
8365	4.95319
8370	4.95045
8375	4.9477
8380	4.95565
8385	4.94658
8390	4.94063
8395	4.94132
8400	4.94427
8405	4.94733
8410	4.95378
8415	4.95402
8420	4.96251
8425	4.96478
8430	4.95133
8435	4.95201
8440	4.94657
8445	4.93552
8450	4.941
8455	4.94517
8460	4.94429
8465	4.95056
8470	4.93802
8475	4.9429
8480	4.95425
8485	4.94487
8490	4.9512
8495	4.94481
8500	4.93751
8505	4.95405
8510	4.95084
8515	4.94377
8520	4.94475
8525	4.94715
8530	4.94204
8535	4.94315
8540	4.94209
8545	4.94368
8550	4.94362
8555	4.93349
8560	4.95266
8565	4.95074
8570	4.94731
8575	4.94345
8580	4.94002
8585	4.94569
8590	4.94027
8595	4.93606
8600	4.948
8605	4.95439
8610	4.94177
8615	4.94486
8620	4.94988
8625	4.93032
8630	4.96011
8635	4.94469
8640	4.94992
8645	4.95086
8650	4.95534
8655	4.95344
8660	4.96597
8665	4.96583
8670	4.9628
8675	4.97048
8680	4.94932
8685	4.95711
8690	4.96193
8695	4.96148
8700	4.96267
8705	4.95358
8710	4.95539
8715	4.95006
8720	4.95915
8725	4.96785
8730	4.96496
8735	4.95317
8740	4.95279
8745	4.96002
8750	4.95632
8755	4.94071
8760	4.94902
8765	4.9602
8770	4.94758
8775	4.96331
8780	4.94236
8785	4.94616
8790	4.95462
8795	4.94847
8800	4.94976
8805	4.95532
8810	4.9439
8815	4.94699
8820	4.95772
8825	4.95771
8830	4.96979
8835	4.9464
8840	4.95253
8845	4.97069
8850	4.95124
8855	4.9493
8860	4.95592
8865	4.9466
8870	4.94969
8875	4.94689
8880	4.93203
8885	4.9518
8890	4.9481
8895	4.94724
8900	4.94742
8905	4.94613
8910	4.93924
8915	4.94964
8920	4.94285
8925	4.93656
8930	4.95095
8935	4.94069
8940	4.94465
8945	4.94765
8950	4.941
8955	4.95847
8960	4.95997
8965	4.94992
8970	4.94123
8975	4.95022
8980	4.94036
8985	4.945
8990	4.93951
8995	4.93356
9000	4.9486
9005	4.94283
9010	4.9338
9015	4.94194
9020	4.93842
9025	4.94111
9030	4.94072
9035	4.935
9040	4.94349
9045	4.93905
9050	4.92476
9055	4.93528
9060	4.9389
9065	4.95974
9070	4.9513
9075	4.94454
9080	4.94006
9085	4.94578
9090	4.93326
9095	4.93515
9100	4.94367
9105	4.94386
9110	4.93656
9115	4.94241
9120	4.93332
9125	4.93774
9130	4.93677
9135	4.93308
9140	4.93592
9145	4.94307
9150	4.93989
9155	4.94461
9160	4.94151
9165	4.93797
9170	4.94691
9175	4.93863
9180	4.93697
9185	4.94055
9190	4.93862
9195	4.95647
9200	4.9531
9205	4.93563
9210	4.9411
9215	4.93694
9220	4.93292
9225	4.93319
9230	4.95499
9235	4.93833
9240	4.94367
9245	4.9535
9250	4.94872
9255	4.96145
9260	4.96431
9265	4.95969
9270	4.95818
9275	4.96383
9280	4.95697
9285	4.95787
9290	4.95346
9295	4.95419
9300	4.95224
9305	4.94909
9310	4.94926
9315	4.94887
9320	4.96989
9325	4.96009
9330	4.95921
9335	4.94991
9340	4.96217
9345	4.95259
9350	4.95086
9355	4.96052
9360	4.95416
9365	4.95311
9370	4.94487
9375	4.9528
9380	4.9604
9385	4.95322
9390	4.94492
9395	4.94586
9400	4.95049
9405	4.94739
9410	4.95174
9415	4.94643
9420	4.94949
9425	4.94398
9430	4.94469
9435	4.95459
9440	4.96609
9445	4.95318
9450	4.95191
9455	4.94388
9460	4.9567
9465	4.95091
9470	4.94855
9475	4.94427
9480	4.94008
9485	4.94796
9490	4.95634
9495	4.94185
9500	4.94911
9505	4.94508
9510	4.94416
9515	4.93981
9520	4.94318
9525	4.94361
9530	4.95255
9535	4.93232
9540	4.94389
9545	4.94555
9550	4.94203
9555	4.95519
9560	4.95917
9565	4.9381
9570	4.94399
9575	4.94773
9580	4.93742
9585	4.95143
9590	4.93645
9595	4.94194
9600	4.94013
9605	4.94572
9610	4.94023
9615	4.94184
9620	4.93586
9625	4.94414
9630	4.93996
9635	4.93168
9640	4.94868
9645	4.93314
9650	4.93389
9655	4.9436
9660	4.94024
9665	4.94649
9670	4.94327
9675	4.9517
9680	4.95565
9685	4.94859
9690	4.94106
9695	4.95045
9700	4.94053
9705	4.9371
9710	4.94746
9715	4.94628
9720	4.94041
9725	4.94407
9730	4.93465
9735	4.94379
9740	4.9385
9745	4.93426
9750	4.9347
9755	4.93811
9760	4.93696
9765	4.94531
9770	4.94148
9775	4.93693
9780	4.9385
9785	4.93798
9790	4.94114
9795	4.95788
9800	4.94911
9805	4.94394
9810	4.94447
9815	4.94041
9820	4.94015
9825	4.93144
9830	4.94814
9835	4.94784
9840	4.95388
9845	4.94976
9850	4.95604
9855	4.95715
9860	4.95426
9865	4.96782
9870	4.95493
9875	4.96406
9880	4.96272
9885	4.95725
9890	4.96121
9895	4.96568
9900	4.9612
9905	4.96537
9910	4.95829
9915	4.9543
9920	4.96156
9925	4.95556
9930	4.95211
9935	4.95939
9940	4.95389
9945	4.95516
9950	4.95295
9955	4.96046
9960	4.96809
9965	4.97326
9970	4.96047
9975	4.96819
9980	4.95074
9985	4.95563
9990	4.95582
9995	4.95394
10000	4.95738
10005	4.95093
10010	4.95011
10015	4.94898
10020	4.94891
10025	4.95178
10030	4.95144
10035	4.9478
10040	4.94871
10045	4.95593
10050	4.95447
10055	4.95099
10060	4.94396
10065	4.94699
10070	4.95086
10075	4.95596
10080	4.95543
10085	4.94235
10090	4.94659
10095	4.96717
10100	4.95805
10105	4.96222
10110	4.95002
10115	4.94187
10120	4.94965
10125	4.94774
10130	4.95247
10135	4.95786
10140	4.94342
10145	4.9451
10150	4.94645
10155	4.95062
10160	4.94819
10165	4.94471
10170	4.94944
10175	4.94393
10180	4.9433
10185	4.94878
10190	4.94396
10195	4.94118
10200	4.94481
10205	4.94307
10210	4.94464
10215	4.95439
10220	4.94301
10225	4.93654
10230	4.93524
10235	4.96027
10240	4.96268
10245	4.95344
10250	4.95189
10255	4.94473
10260	4.93486
10265	4.94654
10270	4.94307
10275	4.93708
10280	4.95068
10285	4.94632
10290	4.94152
10295	4.94409
10300	4.9417
10305	4.93732
10310	4.94026
10315	4.93955
10320	4.93544
10325	4.94088
10330	4.95016
10335	4.94583
10340	4.94672
10345	4.94938
10350	4.93942
10355	4.94375
10360	4.94366
10365	4.93771
10370	4.95666
10375	4.94344
10380	4.93136
10385	4.94717
10390	4.95391
10395	4.95582
10400	4.94472
10405	4.93925
10410	4.94629
10415	4.94208
10420	4.94307
10425	4.93715
10430	4.94735
10435	4.94213
10440	4.94776
10445	4.9521
10450	4.95719
10455	4.9584
10460	4.94996
10465	4.95755
10470	4.95518
10475	4.95179
10480	4.96154
10485	4.9483
10490	4.95342
10495	4.96573
10500	4.95589
10505	4.95072
10510	4.94977
10515	4.94603
10520	4.95087
10525	4.94671
10530	4.94733
10535	4.9551
10540	4.95174
10545	4.94298
10550	4.9535
10555	4.95967
10560	4.97512
10565	4.9537
10570	4.95118
10575	4.95251
10580	4.93856
10585	4.94047
10590	4.94328
10595	4.94543
10600	4.94566
10605	4.94371
10610	4.94099
10615	4.94273
10620	4.93716
10625	4.93875
10630	4.9447
10635	4.93473
10640	4.94375
10645	4.93747
10650	4.9372
10655	4.94431
10660	4.93001
10665	4.93495
10670	4.93873
10675	4.93534
10680	4.9424
10685	4.94079
10690	4.93896
10695	4.94099
10700	4.92916
10705	4.93684
10710	4.94183
10715	4.9422
10720	4.95586
10725	4.95082
10730	4.93983
10735	4.94264
10740	4.93869
10745	4.93681
10750	4.94319
10755	4.92973
10760	4.92743
10765	4.93637
10770	4.93461
10775	4.93431
10780	4.93627
10785	4.93381
10790	4.93826
10795	4.93048
10800	4.93318
10805	4.94424
10810	4.92613
10815	4.93354
10820	4.94267
10825	4.93159
10830	4.93918
10835	4.93658
10840	4.93051
10845	4.93301
10850	4.93445
10855	4.93245
10860	4.93479
10865	4.93225
10870	4.93736
10875	4.93683
10880	4.93103
10885	4.93235
10890	4.92407
10895	4.94088
10900	4.94067
10905	4.9314
10910	4.94558
10915	4.94232
10920	4.93494
10925	4.93665
10930	4.93245
10935	4.93015
10940	4.93516
10945	4.92837
10950	4.92686
10955	4.93138
10960	4.92761
10965	4.93491
10970	4.92827
10975	4.92502
10980	4.92791
10985	4.92016
10990	4.92912
10995	4.93639
11000	4.92727
11005	4.92512
11010	4.91815
11015	4.92104
