2	10.15585
4	10.15595
6	10.15592
8	10.1561
10	10.15626
12	10.15628
14	10.15608
16	10.15578
18	10.15571
20	10.1556
22	10.15549
24	10.15547
26	10.15546
28	10.15524
30	10.15506
32	10.15508
34	10.15532
36	10.15537
38	10.15537
40	10.15541
42	10.15546
44	10.15568
46	10.1555
48	10.15561
50	10.15659
52	10.15749
54	10.15757
56	10.15727
58	10.15737
60	10.1577
62	10.15769
64	10.1579
66	10.15771
68	10.15753
70	10.15775
72	10.15795
74	10.15787
76	10.15768
78	10.15702
80	10.15609
82	10.15561
84	10.15562
86	10.15531
88	10.15553
90	10.15559
92	10.15595
94	10.15608
96	10.15625
98	10.1564
100	10.15658
102	10.15671
104	10.15699
106	10.15759
108	10.15794
110	10.15824
112	10.15843
114	10.15834
116	10.15827
118	10.15794
120	10.15812
122	10.15822
124	10.15809
126	10.15783
128	10.15761
130	10.15762
132	10.15792
134	10.15787
136	10.15793
138	10.15797
140	10.15797
142	10.15768
144	10.15735
146	10.15621
148	10.1555
150	10.15543
152	10.15528
154	10.15498
156	10.15477
158	10.1547
160	10.15491
162	10.1554
164	10.15581
166	10.15606
168	10.15669
170	10.15637
172	10.15608
174	10.1558
176	10.15601
178	10.15583
180	10.15595
182	10.15631
184	10.15691
186	10.15707
188	10.15698
190	10.15697
192	10.15697
194	10.15705
196	10.15716
198	10.15739
200	10.15767
202	10.15789
204	10.15784
206	10.15794
208	10.15814
210	10.15816
212	10.1583
214	10.15831
216	10.15835
218	10.15841
220	10.15819
222	10.15825
224	10.15828
226	10.15826
228	10.15789
230	10.15764
232	10.15735
234	10.15702
236	10.15705
238	10.1569
240	10.15694
242	10.15653
244	10.15606
246	10.15589
248	10.15604
250	10.15577
252	10.1556
254	10.15579
256	10.156
258	10.15597
260	10.15594
262	10.15558
264	10.15538
266	10.15553
268	10.15582
270	10.15639
272	10.15662
274	10.15656
276	10.15659
278	10.15686
280	10.15733
282	10.15747
284	10.15755
286	10.15775
288	10.15797
290	10.1583
292	10.15842
294	10.15873
296	10.15894
298	10.15895
300	10.15882
302	10.15879
304	10.15882
306	10.15886
308	10.15846
310	10.15792
312	10.15739
314	10.15633
316	10.15402
318	10.15079
320	10.14664
322	10.14184
324	10.13636
326	10.13072
328	10.12507
330	10.11934
332	10.11287
334	10.10663
336	10.1
338	10.09346
340	10.08758
342	10.08177
344	10.07578
346	10.06966
348	10.06348
350	10.05725
352	10.05121
354	10.04559
356	10.03983
358	10.03471
360	10.03034
362	10.02675
364	10.02355
366	10.02112
368	10.01921
370	10.01765
372	10.0167
374	10.01593
376	10.01536
378	10.01514
380	10.01542
382	10.01571
384	10.01579
386	10.01599
388	10.01675
390	10.01712
392	10.0177
394	10.01783
396	10.01768
398	10.01805
400	10.01886
402	10.01978
404	10.02023
406	10.0206
408	10.02117
410	10.02212
412	10.023
414	10.02388
416	10.02492
418	10.02562
420	10.02642
422	10.02745
424	10.02863
426	10.02965
428	10.03078
430	10.0318
432	10.03263
434	10.03364
436	10.0341
438	10.03457
440	10.03537
442	10.03622
444	10.03675
446	10.03782
448	10.03908
450	10.04011
452	10.04105
454	10.0417
456	10.04232
458	10.04304
460	10.04389
462	10.04502
464	10.04603
466	10.04726
468	10.0482
470	10.04917
472	10.05013
474	10.05104
476	10.05202
478	10.05302
480	10.05371
482	10.05468
484	10.05527
486	10.05629
488	10.05702
490	10.05756
492	10.05808
494	10.0585
496	10.05903
498	10.05999
500	10.06108
502	10.06181
504	10.06228
506	10.06286
508	10.06404
510	10.0649
512	10.06552
514	10.0661
516	10.06719
518	10.06808
520	10.06918
522	10.07018
524	10.0711
526	10.07202
528	10.07272
530	10.07326
532	10.07402
534	10.07472
536	10.07548
538	10.07636
540	10.07745
542	10.0782
544	10.07865
546	10.07908
548	10.07945
550	10.07974
552	10.08079
554	10.08158
556	10.08191
558	10.08242
560	10.08317
562	10.08379
564	10.08466
566	10.08529
568	10.08539
570	10.08605
572	10.08669
574	10.08719
576	10.08776
578	10.08849
580	10.08922
582	10.08994
584	10.09051
586	10.091
588	10.09167
590	10.0925
592	10.09272
594	10.09317
596	10.09401
598	10.09471
600	10.09562
602	10.09631
604	10.09656
606	10.09714
608	10.09748
610	10.09766
612	10.09853
614	10.09926
616	10.10003
618	10.10055
620	10.10105
622	10.10178
624	10.10236
626	10.10309
628	10.10352
630	10.10379
632	10.10426
634	10.10468
636	10.10499
638	10.10552
640	10.10587
642	10.10627
644	10.1067
646	10.10696
648	10.10749
650	10.10816
652	10.10873
654	10.10908
656	10.1093
658	10.10972
660	10.11035
662	10.11101
664	10.11164
666	10.112
668	10.11194
670	10.11212
672	10.11234
674	10.11249
676	10.11257
678	10.11275
680	10.11347
682	10.11399
684	10.11426
686	10.11473
688	10.11522
690	10.11592
692	10.11644
694	10.11686
696	10.11724
698	10.11765
700	10.11809
702	10.11851
704	10.11851
706	10.11889
708	10.11949
710	10.12001
712	10.12055
714	10.12097
716	10.12126
718	10.12154
720	10.12189
722	10.12205
724	10.12229
726	10.12276
728	10.1229
730	10.12335
732	10.12369
734	10.1236
736	10.12345
738	10.12339
740	10.12339
742	10.12361
744	10.12387
746	10.12434
748	10.12494
750	10.1252
752	10.12556
754	10.12607
756	10.12637
758	10.12646
760	10.12671
762	10.12719
764	10.12736
766	10.12755
768	10.12764
770	10.12789
772	10.12791
774	10.12786
776	10.128
778	10.12795
780	10.12839
782	10.12888
784	10.12896
786	10.1294
788	10.12988
790	10.13038
792	10.1309
794	10.13113
796	10.1311
798	10.13076
800	10.13035
802	10.13015
804	10.12972
806	10.12936
808	10.12918
810	10.12928
812	10.12943
814	10.12943
816	10.12974
818	10.13034
820	10.13118
822	10.13195
824	10.13252
826	10.13263
828	10.13285
830	10.1329
832	10.13264
834	10.13296
836	10.13377
838	10.13406
840	10.13473
842	10.13533
844	10.13546
846	10.13556
848	10.13561
850	10.13585
852	10.13645
854	10.13683
856	10.13684
858	10.13695
860	10.13713
862	10.13688
864	10.13673
866	10.13689
868	10.13728
870	10.13754
872	10.13753
874	10.13765
876	10.1378
878	10.13806
880	10.13843
882	10.13857
884	10.13879
886	10.13914
888	10.13943
890	10.1394
892	10.13945
894	10.13988
896	10.14038
898	10.14076
900	10.1409
902	10.14045
904	10.14073
906	10.14115
908	10.14169
910	10.14218
912	10.14234
914	10.1425
916	10.14242
918	10.14228
920	10.14267
922	10.143
924	10.14319
926	10.14348
928	10.14361
930	10.14376
932	10.14402
934	10.1443
936	10.14434
938	10.1445
940	10.14443
942	10.14487
944	10.14475
946	10.1446
948	10.14486
950	10.14517
952	10.14538
954	10.14568
956	10.14586
958	10.14632
960	10.14638
962	10.14651
964	10.14698
966	10.14737
968	10.14721
970	10.14716
972	10.14724
974	10.14744
976	10.14782
978	10.14766
980	10.14812
982	10.14827
984	10.14823
986	10.14847
988	10.14861
990	10.1488
992	10.14905
994	10.14941
996	10.14986
998	10.15011
1000	10.14998
1002	10.14983
1004	10.15004
1006	10.14995
1008	10.14998
1010	10.15032
1012	10.15049
1014	10.15071
1016	10.15067
1018	10.15072
1020	10.15103
1022	10.15113
1024	10.15122
1026	10.15129
1028	10.15141
1030	10.15157
1032	10.15145
1034	10.15138
1036	10.15152
1038	10.15185
1040	10.15149
1042	10.15119
1044	10.1512
1046	10.15144
1048	10.15123
1050	10.15129
1052	10.15135
1054	10.15129
1056	10.15119
1058	10.15125
1060	10.15151
1062	10.15182
1064	10.15215
1066	10.15227
1068	10.15204
1070	10.15171
1072	10.1522
1074	10.15238
1076	10.15252
1078	10.1524
1080	10.15254
1082	10.15246
1084	10.15224
1086	10.15233
1088	10.15234
1090	10.15236
1092	10.1525
1094	10.15254
1096	10.15288
1098	10.1531
1100	10.15308
1102	10.1531
1104	10.15254
1106	10.15204
1108	10.15139
1110	10.15024
1112	10.1484
1114	10.14535
1116	10.14157
1118	10.13738
1120	10.13299
1122	10.12781
1124	10.12253
1126	10.11717
1128	10.11165
1130	10.10606
1132	10.10051
1134	10.09495
1136	10.08907
1138	10.08326
1140	10.07726
1142	10.07169
1144	10.06626
1146	10.06026
1148	10.05437
1150	10.04899
1152	10.04334
1154	10.03749
1156	10.03173
1158	10.02605
1160	10.02079
1162	10.01566
1164	10.0102
1166	10.00444
1168	9.99915
1170	9.9935
1172	9.98771
1174	9.98226
1176	9.97661
1178	9.97116
1180	9.96566
1182	9.96025
1184	9.95442
1186	9.94895
1188	9.94402
1190	9.93883
1192	9.93396
1194	9.92958
1196	9.92501
1198	9.9205
1200	9.91533
1202	9.91074
1204	9.90639
1206	9.90153
1208	9.89686
1210	9.8925
1212	9.88813
1214	9.88437
1216	9.87992
1218	9.87538
1220	9.87077
1222	9.86651
1224	9.86254
1226	9.85822
1228	9.85393
1230	9.84949
1232	9.84538
1234	9.84127
1236	9.83723
1238	9.83343
1240	9.82966
1242	9.82555
1244	9.82191
1246	9.81793
1248	9.81431
1250	9.81037
1252	9.80643
1254	9.80301
1256	9.79968
1258	9.79644
1260	9.79296
1262	9.78954
1264	9.78585
1266	9.78239
1268	9.77888
1270	9.77534
1272	9.77172
1274	9.76822
1276	9.76501
1278	9.762
1280	9.75878
1282	9.75542
1284	9.75232
1286	9.74928
1288	9.7463
1290	9.74326
1292	9.73983
1294	9.73638
1296	9.73333
1298	9.73126
1300	9.72907
1302	9.72657
1304	9.72485
1306	9.72376
1308	9.72257
1310	9.72205
1312	9.72185
1314	9.72171
1316	9.72149
1318	9.72225
1320	9.72329
1322	9.72424
1324	9.72489
1326	9.72572
1328	9.72679
1330	9.72776
1332	9.7287
1334	9.73006
1336	9.73175
1338	9.73375
1340	9.73602
1342	9.73798
1344	9.73998
1346	9.74195
1348	9.74361
1350	9.74549
1352	9.74745
1354	9.74954
1356	9.75156
1358	9.7536
1360	9.75618
1362	9.75868
1364	9.76105
1366	9.76351
1368	9.76539
1370	9.76747
1372	9.76992
1374	9.77289
1376	9.77587
1378	9.77857
1380	9.78111
1382	9.78386
1384	9.78668
1386	9.78912
1388	9.79194
1390	9.79452
1392	9.79727
1394	9.80024
1396	9.80334
1398	9.8057
1400	9.80807
1402	9.8109
1404	9.81356
1406	9.81619
1408	9.81893
1410	9.82184
1412	9.82462
1414	9.82707
1416	9.82991
1418	9.8323
1420	9.83448
1422	9.8369
1424	9.8393
1426	9.84135
1428	9.84375
1430	9.8464
1432	9.84913
1434	9.85167
1436	9.85411
1438	9.85687
1440	9.85951
1442	9.86205
1444	9.86419
1446	9.86641
1448	9.86887
1450	9.87115
1452	9.87378
1454	9.87631
1456	9.87864
1458	9.88081
1460	9.88295
1462	9.88548
1464	9.88795
1466	9.89027
1468	9.89251
1470	9.89458
1472	9.89708
1474	9.89939
1476	9.9015
1478	9.90333
1480	9.90554
1482	9.90733
1484	9.90921
1486	9.91161
1488	9.91377
1490	9.91561
1492	9.91695
1494	9.91869
1496	9.92077
1498	9.92301
1500	9.92496
1502	9.92636
1504	9.92787
1506	9.92975
1508	9.93161
1510	9.93311
1512	9.93504
1514	9.93707
1516	9.93892
1518	9.94061
1520	9.94214
1522	9.94396
1524	9.94558
1526	9.94695
1528	9.94824
1530	9.94973
1532	9.95144
1534	9.95323
1536	9.95482
1538	9.9564
1540	9.95766
1542	9.95866
1544	9.95933
1546	9.95996
1548	9.96114
1550	9.96256
1552	9.96387
1554	9.96568
1556	9.96741
1558	9.96912
1560	9.97078
1562	9.9725
1564	9.97419
1566	9.9754
1568	9.97663
1570	9.97826
1572	9.97935
1574	9.98066
1576	9.98204
1578	9.983
1580	9.98402
1582	9.98522
1584	9.98654
1586	9.9878
1588	9.98944
1590	9.99062
1592	9.99164
1594	9.99293
1596	9.99434
1598	9.99557
1600	9.99654
1602	9.99755
1604	9.99846
1606	9.99953
1608	10.00045
1610	10.00173
1612	10.0029
1614	10.00383
1616	10.00452
1618	10.00528
1620	10.00631
1622	10.00794
1624	10.00933
1626	10.01048
1628	10.01155
1630	10.0125
1632	10.01378
1634	10.01474
1636	10.01562
1638	10.01684
1640	10.01822
1642	10.01951
1644	10.02054
1646	10.02134
1648	10.02243
1650	10.02317
1652	10.02361
1654	10.0244
1656	10.02527
1658	10.02645
1660	10.02747
1662	10.02747
1664	10.02809
1666	10.02919
1668	10.03028
1670	10.0311
1672	10.03191
1674	10.03285
1676	10.03375
1678	10.03433
1680	10.03494
1682	10.0354
1684	10.03608
1686	10.03694
1688	10.03807
1690	10.039
1692	10.03986
1694	10.04069
1696	10.04144
1698	10.04229
1700	10.04312
1702	10.04422
1704	10.04504
1706	10.04589
1708	10.04633
1710	10.04696
1712	10.0477
1714	10.04858
1716	10.0492
1718	10.05009
1720	10.05108
1722	10.05185
1724	10.05252
1726	10.05293
1728	10.05369
1730	10.0546
1732	10.05553
1734	10.05607
1736	10.05659
1738	10.0574
1740	10.05767
1742	10.05814
1744	10.05898
1746	10.05999
1748	10.06076
1750	10.06137
1752	10.06188
1754	10.0628
1756	10.06345
1758	10.06409
1760	10.06454
1762	10.06469
1764	10.06494
1766	10.06542
1768	10.06613
1770	10.06678
1772	10.06756
1774	10.06817
1776	10.06856
1778	10.06906
1780	10.06977
1782	10.07062
1784	10.07089
1786	10.07148
1788	10.07181
1790	10.07249
1792	10.07314
1794	10.0735
1796	10.07397
1798	10.07437
1800	10.07467
1802	10.0749
1804	10.07549
1806	10.07594
1808	10.07635
1810	10.0771
1812	10.07783
1814	10.07826
1816	10.07853
1818	10.07882
1820	10.07949
1822	10.0802
1824	10.0806
1826	10.08074
1828	10.08077
1830	10.08115
1832	10.0816
1834	10.0821
1836	10.08243
1838	10.08287
1840	10.08345
1842	10.08372
1844	10.08429
1846	10.08473
1848	10.08501
1850	10.08512
1852	10.08543
1854	10.08583
1856	10.08601
1858	10.08625
1860	10.08654
1862	10.08713
1864	10.08741
1866	10.08796
1868	10.0882
1870	10.08833
1872	10.08873
1874	10.08946
1876	10.08994
1878	10.09015
1880	10.09052
1882	10.09071
1884	10.09115
1886	10.09127
1888	10.09137
1890	10.09165
1892	10.09133
1894	10.09171
1896	10.0922
1898	10.09251
1900	10.09234
1902	10.09246
1904	10.09301
1906	10.09336
1908	10.09362
1910	10.09373
1912	10.09351
1914	10.09378
1916	10.09371
1918	10.0939
1920	10.09439
1922	10.09474
1924	10.09519
1926	10.0957
1928	10.0962
1930	10.09666
1932	10.09757
1934	10.09823
1936	10.09876
1938	10.09888
1940	10.09879
1942	10.09846
1944	10.09838
1946	10.09862
1948	10.09933
1950	10.09997
1952	10.10029
1954	10.10083
1956	10.10134
1958	10.10219
1960	10.1028
1962	10.10289
1964	10.10316
1966	10.10355
1968	10.10373
1970	10.10374
1972	10.10389
1974	10.10373
1976	10.10356
1978	10.10372
1980	10.10371
1982	10.10398
1984	10.10435
1986	10.10502
1988	10.10519
1990	10.10562
1992	10.10606
1994	10.10647
1996	10.10648
1998	10.10667
2000	10.10681
2002	10.10743
2004	10.1079
2006	10.10791
2008	10.10834
2010	10.10852
2012	10.10852
2014	10.10873
2016	10.10893
2018	10.1093
2020	10.11023
2022	10.11044
2024	10.11012
2026	10.11003
2028	10.11029
2030	10.11027
2032	10.11023
2034	10.11072
2036	10.11095
2038	10.11123
2040	10.11124
2042	10.11118
2044	10.11097
2046	10.11088
2048	10.11037
2050	10.11021
2052	10.10998
2054	10.11005
2056	10.11008
2058	10.11052
2060	10.11078
2062	10.11093
2064	10.11037
2066	10.1102
2068	10.11067
2070	10.11076
2072	10.11105
2074	10.11115
2076	10.1116
2078	10.11208
2080	10.11247
2082	10.11269
2084	10.11268
2086	10.11283
2088	10.1132
2090	10.11327
2092	10.11347
2094	10.11372
2096	10.11377
2098	10.11406
2100	10.11453
2102	10.11428
2104	10.11434
2106	10.11459
2108	10.11464
2110	10.11458
2112	10.11476
2114	10.11509
2116	10.1155
2118	10.11593
2120	10.11632
2122	10.1165
2124	10.11681
2126	10.1169
2128	10.11707
2130	10.1172
2132	10.11732
2134	10.11732
2136	10.11782
2138	10.11835
2140	10.11873
2142	10.11886
2144	10.1188
2146	10.11905
2148	10.11945
2150	10.11973
2152	10.12033
2154	10.12055
2156	10.1205
2158	10.12056
2160	10.12088
2162	10.12124
2164	10.12158
2166	10.12189
2168	10.12248
2170	10.12234
2172	10.12221
2174	10.12226
2176	10.12275
2178	10.1231
2180	10.12328
2182	10.12356
2184	10.12411
2186	10.12432
2188	10.12428
2190	10.12461
2192	10.12525
2194	10.12542
2196	10.12562
2198	10.12565
2200	10.12561
2202	10.12553
2204	10.12618
2206	10.12645
2208	10.12666
2210	10.12702
2212	10.12753
2214	10.12799
2216	10.12803
2218	10.1278
2220	10.12758
2222	10.12783
2224	10.12833
2226	10.12888
2228	10.12897
2230	10.12929
2232	10.12942
2234	10.12958
2236	10.12968
2238	10.12943
2240	10.12954
2242	10.12973
2244	10.12988
2246	10.1301
2248	10.13019
2250	10.13028
2252	10.13045
2254	10.13043
2256	10.13058
2258	10.1306
2260	10.13083
2262	10.13114
2264	10.13029
2266	10.12988
2268	10.12942
2270	10.12914
2272	10.12866
2274	10.12903
2276	10.12935
2278	10.12951
2280	10.12997
2282	10.13038
2284	10.13008
2286	10.13021
2288	10.13056
2290	10.1309
2292	10.1309
2294	10.13144
2296	10.13171
2298	10.13155
2300	10.13201
2302	10.13246
2304	10.13217
2306	10.1318
2308	10.13154
2310	10.13085
2312	10.12967
2314	10.12783
2316	10.12494
2318	10.12142
2320	10.11778
2322	10.11391
2324	10.10996
2326	10.10541
2328	10.10111
2330	10.09647
2332	10.09189
2334	10.08728
2336	10.08263
2338	10.07802
2340	10.07339
2342	10.06819
2344	10.06327
2346	10.05837
2348	10.05335
2350	10.04857
2352	10.0437
2354	10.0389
2356	10.03453
2358	10.03
2360	10.02579
2362	10.02132
2364	10.01637
2366	10.0116
2368	10.00714
2370	10.00259
2372	9.99807
2374	9.99347
2376	9.98903
2378	9.98433
2380	9.97984
2382	9.9755
2384	9.97115
2386	9.96699
2388	9.96266
2390	9.95833
2392	9.95459
2394	9.95075
2396	9.94654
2398	9.94233
2400	9.93828
2402	9.93447
2404	9.93001
2406	9.92527
2408	9.92078
2410	9.91637
2412	9.91192
2414	9.90783
2416	9.9037
2418	9.89972
2420	9.89593
2422	9.89197
2424	9.88779
2426	9.8841
2428	9.88027
2430	9.87671
2432	9.87308
2434	9.86955
2436	9.86598
2438	9.86249
2440	9.85914
2442	9.85567
2444	9.85177
2446	9.84817
2448	9.84535
2450	9.84219
2452	9.83903
2454	9.83602
2456	9.83237
2458	9.82907
2460	9.82654
2462	9.82353
2464	9.82026
2466	9.81724
2468	9.81415
2470	9.81098
2472	9.80799
2474	9.80444
2476	9.80076
2478	9.79771
2480	9.79491
2482	9.79184
2484	9.78902
2486	9.7859
2488	9.78294
2490	9.78033
2492	9.77747
2494	9.77478
2496	9.7719
2498	9.76953
2500	9.76721
2502	9.76491
2504	9.76295
2506	9.76184
2508	9.76141
2510	9.76122
2512	9.76051
2514	9.7604
2516	9.76048
2518	9.76066
2520	9.7614
2522	9.76186
2524	9.76228
2526	9.76317
2528	9.76399
2530	9.76515
2532	9.76611
2534	9.76747
2536	9.76884
2538	9.77061
2540	9.77233
2542	9.77408
2544	9.77581
2546	9.77781
2548	9.77945
2550	9.78068
2552	9.78237
2554	9.78458
2556	9.78657
2558	9.78865
2560	9.7907
2562	9.79255
2564	9.79455
2566	9.79661
2568	9.79906
2570	9.80153
2572	9.80368
2574	9.80627
2576	9.80837
2578	9.81055
2580	9.81297
2582	9.81496
2584	9.81681
2586	9.81881
2588	9.82073
2590	9.82311
2592	9.82563
2594	9.82794
2596	9.83009
2598	9.83239
2600	9.83473
2602	9.83685
2604	9.83896
2606	9.84111
2608	9.84323
2610	9.84534
2612	9.8475
2614	9.84954
2616	9.85179
2618	9.85416
2620	9.85694
2622	9.85921
2624	9.86078
2626	9.86242
2628	9.86433
2630	9.86702
2632	9.86944
2634	9.87168
2636	9.87395
2638	9.87587
2640	9.87805
2642	9.88011
2644	9.88211
2646	9.88391
2648	9.88585
2650	9.88784
2652	9.88967
2654	9.89157
2656	9.89392
2658	9.89568
2660	9.89731
2662	9.89893
2664	9.90044
2666	9.9022
2668	9.9042
2670	9.90617
2672	9.90817
2674	9.90976
2676	9.91108
2678	9.91264
2680	9.91425
2682	9.9162
2684	9.91827
2686	9.92007
2688	9.92192
2690	9.92367
2692	9.92535
2694	9.92712
2696	9.9286
2698	9.93013
2700	9.93202
2702	9.93357
2704	9.93503
2706	9.93636
2708	9.93778
2710	9.93938
2712	9.94083
2714	9.94222
2716	9.94355
2718	9.94491
2720	9.94636
2722	9.94784
2724	9.94944
2726	9.95099
2728	9.95251
2730	9.95407
2732	9.95571
2734	9.95723
2736	9.95867
2738	9.95969
2740	9.96072
2742	9.96194
2744	9.96357
2746	9.96536
2748	9.96687
2750	9.96862
2752	9.96991
2754	9.97085
2756	9.97202
2758	9.97341
2760	9.97444
2762	9.97518
2764	9.97553
2766	9.97651
2768	9.97727
2770	9.97812
2772	9.97952
2774	9.98106
2776	9.9827
2778	9.9841
2780	9.98535
2782	9.98645
2784	9.98759
2786	9.98881
2788	9.99001
2790	9.99099
2792	9.99233
2794	9.9936
2796	9.9947
2798	9.99601
2800	9.99725
2802	9.9982
2804	9.99938
2806	10.00011
2808	10.00051
2810	10.00145
2812	10.00235
2814	10.00304
2816	10.00364
2818	10.00397
2820	10.00417
2822	10.00496
2824	10.00543
2826	10.00617
2828	10.00707
2830	10.00784
2832	10.0085
2834	10.00945
2836	10.01056
2838	10.01141
2840	10.01259
2842	10.01374
2844	10.01504
2846	10.01625
2848	10.01712
2850	10.01815
2852	10.01867
2854	10.01966
2856	10.02068
2858	10.02169
2860	10.02237
2862	10.02358
2864	10.02435
2866	10.02517
2868	10.02623
2870	10.02676
2872	10.02793
2874	10.02897
2876	10.02988
2878	10.03072
2880	10.03118
2882	10.03149
2884	10.03208
2886	10.0327
2888	10.03336
2890	10.03426
2892	10.03491
2894	10.03583
2896	10.03706
2898	10.03759
2900	10.03826
2902	10.03913
2904	10.03997
2906	10.04061
2908	10.04188
2910	10.04286
2912	10.04349
2914	10.04379
2916	10.04438
2918	10.04468
2920	10.04496
2922	10.04556
2924	10.04562
2926	10.04594
2928	10.04643
2930	10.04727
2932	10.04839
2934	10.04926
2936	10.0499
2938	10.0504
2940	10.05072
2942	10.05135
2944	10.05192
2946	10.05302
2948	10.05366
2950	10.05393
2952	10.05409
2954	10.05442
2956	10.05492
2958	10.0557
2960	10.05609
2962	10.05653
2964	10.05685
2966	10.05763
2968	10.05826
2970	10.05911
2972	10.05972
2974	10.06004
2976	10.06069
2978	10.06104
2980	10.06149
2982	10.06202
2984	10.06264
2986	10.06301
2988	10.06287
2990	10.06305
2992	10.06345
2994	10.06401
2996	10.06454
2998	10.06491
3000	10.06584
3002	10.06658
3004	10.06668
3006	10.06736
3008	10.06776
3010	10.06772
3012	10.06725
3014	10.06739
3016	10.06796
3018	10.0689
3020	10.06949
3022	10.06992
3024	10.0709
3026	10.07148
3028	10.07208
3030	10.07279
3032	10.07317
3034	10.0734
3036	10.07324
3038	10.07335
3040	10.074
3042	10.0746
3044	10.07521
3046	10.07535
3048	10.07607
3050	10.07648
3052	10.0767
3054	10.077
3056	10.07734
3058	10.0777
3060	10.07842
3062	10.07904
3064	10.07916
3066	10.0792
3068	10.07954
3070	10.07993
3072	10.08026
3074	10.08056
3076	10.08075
3078	10.08103
3080	10.08145
3082	10.08179
3084	10.08265
3086	10.08315
3088	10.08371
3090	10.08447
3092	10.08477
3094	10.08527
3096	10.08544
3098	10.08539
3100	10.08531
3102	10.08586
3104	10.08638
3106	10.08656
3108	10.08653
3110	10.08712
3112	10.08779
3114	10.08824
3116	10.08841
3118	10.0884
3120	10.08866
3122	10.08875
3124	10.08961
3126	10.08987
3128	10.09012
3130	10.09046
3132	10.09089
3134	10.0913
3136	10.09198
3138	10.09242
3140	10.09291
3142	10.09337
3144	10.09391
3146	10.09411
3148	10.09431
3150	10.09465
3152	10.09491
3154	10.09507
3156	10.09542
3158	10.09563
3160	10.0957
3162	10.09588
3164	10.09643
3166	10.09657
3168	10.09662
3170	10.0968
3172	10.09708
3174	10.09724
3176	10.09763
3178	10.09798
3180	10.09796
3182	10.09835
3184	10.09863
3186	10.09884
3188	10.09917
3190	10.09994
3192	10.10017
3194	10.1003
3196	10.10083
3198	10.10086
3200	10.10088
3202	10.10126
3204	10.10158
3206	10.10176
3208	10.10203
3210	10.1024
3212	10.10287
3214	10.10322
3216	10.10351
3218	10.10381
3220	10.10426
3222	10.10436
3224	10.10432
3226	10.10446
3228	10.10496
3230	10.10533
3232	10.10564
3234	10.10609
3236	10.10587
3238	10.1058
3240	10.10606
3242	10.10615
3244	10.10647
3246	10.10673
3248	10.10683
3250	10.10718
3252	10.10742
3254	10.10759
3256	10.10795
3258	10.10839
3260	10.10891
3262	10.10892
3264	10.1088
3266	10.10871
3268	10.10885
3270	10.10904
3272	10.10943
3274	10.11004
3276	10.1108
3278	10.11106
3280	10.11093
3282	10.11106
3284	10.11092
3286	10.11119
3288	10.11141
3290	10.11137
3292	10.11159
3294	10.112
3296	10.1121
3298	10.11228
3300	10.11247
3302	10.11286
3304	10.11309
3306	10.11318
3308	10.11349
3310	10.11388
3312	10.11434
3314	10.11443
3316	10.11476
3318	10.11525
3320	10.115
3322	10.115
3324	10.11539
3326	10.11536
3328	10.11569
3330	10.11579
3332	10.11618
3334	10.11666
3336	10.11714
3338	10.1172
3340	10.1176
3342	10.11765
3344	10.1176
3346	10.1177
3348	10.11833
3350	10.11893
3352	10.11926
3354	10.11935
3356	10.11945
3358	10.11934
3360	10.11953
3362	10.11984
3364	10.11998
3366	10.12
3368	10.12022
3370	10.12005
3372	10.11994
3374	10.12005
3376	10.12015
3378	10.1207
3380	10.12074
3382	10.1209
3384	10.12092
3386	10.12135
3388	10.12181
3390	10.12172
3392	10.12154
3394	10.12194
3396	10.1223
3398	10.12255
3400	10.12288
3402	10.12312
3404	10.12316
3406	10.12347
3408	10.12328
3410	10.1234
3412	10.12322
3414	10.1234
3416	10.12397
3418	10.12421
3420	10.12419
3422	10.12423
3424	10.12407
3426	10.12419
3428	10.12423
3430	10.1245
3432	10.12473
3434	10.12518
3436	10.12561
3438	10.12588
3440	10.12527
3442	10.12509
3444	10.1256
3446	10.12592
3448	10.12629
3450	10.12654
3452	10.12658
3454	10.12683
3456	10.12688
3458	10.12685
3460	10.12716
3462	10.12774
3464	10.12799
3466	10.12792
3468	10.1282
3470	10.12799
3472	10.12828
3474	10.12886
3476	10.12858
3478	10.1284
3480	10.12892
3482	10.12932
3484	10.12925
3486	10.1292
3488	10.12895
3490	10.12864
3492	10.12838
3494	10.12873
3496	10.12891
3498	10.12932
3500	10.12953
3502	10.1298
3504	10.12987
3506	10.12957
3508	10.1288
3510	10.12841
3512	10.12755
3514	10.12579
3516	10.12339
3518	10.11993
3520	10.11616
3522	10.11285
3524	10.10901
3526	10.10521
3528	10.10105
3530	10.09685
3532	10.09241
3534	10.08843
3536	10.08463
3538	10.08063
3540	10.07632
3542	10.07232
3544	10.06807
3546	10.06399
3548	10.05978
3550	10.05566
3552	10.05134
3554	10.04703
3556	10.04288
3558	10.03881
3560	10.03479
3562	10.03042
3564	10.02619
3566	10.02182
3568	10.01767
3570	10.01413
3572	10.01034
3574	10.00648
3576	10.00208
3578	9.99809
3580	9.99398
3582	9.98975
3584	9.98566
3586	9.98182
3588	9.97819
3590	9.9746
3592	9.97075
3594	9.96752
3596	9.96414
3598	9.96005
3600	9.9559
3602	9.95195
3604	9.94814
3606	9.94436
3608	9.9402
3610	9.93643
3612	9.93258
3614	9.92866
3616	9.9248
3618	9.92079
3620	9.9171
3622	9.91343
3624	9.90955
3626	9.90574
3628	9.90239
3630	9.89886
3632	9.89519
3634	9.8917
3636	9.88836
3638	9.88493
3640	9.88142
3642	9.87826
3644	9.87519
3646	9.87219
3648	9.86939
3650	9.86661
3652	9.86316
3654	9.85999
3656	9.85739
3658	9.85452
3660	9.85143
3662	9.84854
3664	9.84557
3666	9.8424
3668	9.83952
3670	9.83673
3672	9.83359
3674	9.83078
3676	9.82778
3678	9.82473
3680	9.82173
3682	9.81904
3684	9.81615
3686	9.81358
3688	9.81082
3690	9.80777
3692	9.8048
3694	9.8023
3696	9.79967
3698	9.79759
3700	9.7957
3702	9.79357
3704	9.79127
3706	9.79001
3708	9.78944
3710	9.78889
3712	9.78857
3714	9.78853
3716	9.78817
3718	9.78807
3720	9.78841
3722	9.7892
3724	9.79013
3726	9.7909
3728	9.79162
3730	9.79235
3732	9.7935
3734	9.7948
3736	9.79584
3738	9.79665
3740	9.79761
3742	9.79882
3744	9.80025
3746	9.80161
3748	9.80337
3750	9.80532
3752	9.8069
3754	9.80865
3756	9.81067
3758	9.8122
3760	9.81339
3762	9.81429
3764	9.81524
3766	9.81621
3768	9.81739
3770	9.81875
3772	9.82012
3774	9.82123
3776	9.82258
3778	9.82429
3780	9.82631
3782	9.82849
3784	9.83078
3786	9.83272
3788	9.83441
3790	9.83646
3792	9.83883
3794	9.84103
3796	9.84338
3798	9.84559
3800	9.84748
3802	9.84952
3804	9.85123
3806	9.85322
3808	9.85547
3810	9.85759
3812	9.85948
3814	9.86125
3816	9.86297
3818	9.86427
3820	9.86591
3822	9.86798
3824	9.87002
3826	9.8718
3828	9.87392
3830	9.87591
3832	9.87776
3834	9.87968
3836	9.88192
3838	9.88397
3840	9.88572
3842	9.88757
3844	9.88952
3846	9.89133
3848	9.89356
3850	9.89539
3852	9.89728
3854	9.89882
3856	9.90074
3858	9.90285
3860	9.90489
3862	9.90649
3864	9.90837
3866	9.91043
3868	9.91183
3870	9.9135
3872	9.91494
3874	9.91576
3876	9.91599
3878	9.91673
3880	9.91783
3882	9.91915
3884	9.92066
3886	9.92207
3888	9.92379
3890	9.9254
3892	9.92743
3894	9.92951
3896	9.93124
3898	9.93264
3900	9.93403
3902	9.93598
3904	9.93751
3906	9.9391
3908	9.94083
3910	9.9425
3912	9.94405
3914	9.94514
3916	9.94669
3918	9.94796
3920	9.94928
3922	9.95051
3924	9.95193
3926	9.95326
3928	9.95475
3930	9.95657
3932	9.95826
3934	9.95945
3936	9.9605
3938	9.96139
3940	9.96221
3942	9.96381
3944	9.96516
3946	9.96641
3948	9.96766
3950	9.96908
3952	9.97049
3954	9.97176
3956	9.97283
3958	9.97362
3960	9.97464
3962	9.97597
3964	9.97743
3966	9.97888
3968	9.9802
3970	9.98088
3972	9.9818
3974	9.98323
3976	9.9845
3978	9.98588
3980	9.98667
3982	9.98769
3984	9.98867
3986	9.98978
3988	9.99073
3990	9.99194
3992	9.9929
3994	9.994
3996	9.99469
3998	9.99543
4000	9.99634
4002	9.99719
4004	9.998
4006	9.99902
4008	10.00015
4010	10.00126
4012	10.00215
4014	10.0031
4016	10.00417
4018	10.00528
4020	10.00597
4022	10.00629
4024	10.00697
4026	10.0077
4028	10.00879
4030	10.00966
4032	10.01042
4034	10.01123
4036	10.0122
4038	10.01317
4040	10.01407
4042	10.01479
4044	10.01562
4046	10.01624
4048	10.01682
4050	10.01786
4052	10.01859
4054	10.01947
4056	10.02035
4058	10.02087
4060	10.02156
4062	10.0225
4064	10.02333
4066	10.02396
4068	10.02457
4070	10.02527
4072	10.02611
4074	10.02699
4076	10.02786
4078	10.02866
4080	10.02911
4082	10.02986
4084	10.03055
4086	10.0315
4088	10.03197
4090	10.03245
4092	10.03309
4094	10.03332
4096	10.0338
4098	10.0348
4100	10.03555
4102	10.03621
4104	10.03682
4106	10.0374
4108	10.03774
4110	10.03842
4112	10.03896
4114	10.03927
4116	10.0401
4118	10.04073
4120	10.04105
4122	10.04185
4124	10.04262
4126	10.04325
4128	10.04399
4130	10.04454
4132	10.04485
4134	10.04534
4136	10.04592
4138	10.04626
4140	10.04681
4142	10.04757
4144	10.04812
4146	10.04895
4148	10.04933
4150	10.04959
4152	10.04958
4154	10.04995
4156	10.05073
4158	10.05122
4160	10.05143
4162	10.05169
4164	10.05227
4166	10.05283
4168	10.05352
4170	10.0538
4172	10.05442
4174	10.05514
4176	10.05573
4178	10.05593
4180	10.05623
4182	10.05656
4184	10.05694
4186	10.05752
4188	10.05804
4190	10.05879
4192	10.05936
4194	10.05964
4196	10.05982
4198	10.06049
4200	10.06088
4202	10.06131
4204	10.0619
4206	10.06218
4208	10.0629
4210	10.06339
4212	10.06422
4214	10.06465
4216	10.06491
4218	10.06519
4220	10.06537
4222	10.06556
4224	10.06611
4226	10.06682
4228	10.06674
4230	10.06694
4232	10.06733
4234	10.06807
4236	10.06903
4238	10.06964
4240	10.06984
4242	10.06988
4244	10.06988
4246	10.07027
4248	10.07053
4250	10.07065
4252	10.07082
4254	10.07122
4256	10.07149
4258	10.07169
4260	10.07244
4262	10.07327
4264	10.07362
4266	10.07384
4268	10.074
4270	10.07423
4272	10.07468
4274	10.07504
4276	10.07545
4278	10.0757
4280	10.07621
4282	10.0766
4284	10.07659
4286	10.07711
4288	10.07731
4290	10.07739
4292	10.07804
4294	10.07862
4296	10.07908
4298	10.07974
4300	10.08003
4302	10.08031
4304	10.08101
4306	10.08128
4308	10.08122
4310	10.08178
4312	10.08208
4314	10.0823
4316	10.08277
4318	10.08331
4320	10.08332
4322	10.0837
4324	10.084
4326	10.0844
4328	10.08485
4330	10.08545
4332	10.08583
4334	10.08601
4336	10.0861
4338	10.08613
4340	10.08644
4342	10.08651
4344	10.08673
4346	10.08709
4348	10.08749
4350	10.08756
4352	10.08751
4354	10.08804
4356	10.08842
4358	10.08909
4360	10.0895
4362	10.08933
4364	10.08947
4366	10.08992
4368	10.09041
4370	10.09078
4372	10.09086
4374	10.09095
4376	10.09142
4378	10.09182
4380	10.09256
4382	10.09314
4384	10.09378
4386	10.09401
4388	10.09397
4390	10.09383
4392	10.09374
4394	10.09381
4396	10.09412
4398	10.09457
4400	10.09449
4402	10.09478
4404	10.09478
4406	10.0947
4408	10.09512
4410	10.09525
4412	10.09555
4414	10.09587
4416	10.09572
4418	10.09602
4420	10.09641
4422	10.09638
4424	10.0967
4426	10.09715
4428	10.09658
4430	10.09455
4432	10.09283
4434	10.09227
4436	10.0918
4438	10.09173
4440	10.09219
4442	10.09282
4444	10.0932
4446	10.09349
4448	10.09407
4450	10.09445
4452	10.0949
4454	10.09518
4456	10.09546
4458	10.09605
4460	10.09636
4462	10.09653
4464	10.09713
4466	10.09727
4468	10.09783
4470	10.09853
4472	10.09894
4474	10.09943
4476	10.09974
4478	10.09975
4480	10.10014
4482	10.10067
4484	10.10109
4486	10.1011
4488	10.10113
4490	10.1015
4492	10.10153
4494	10.10169
4496	10.10222
4498	10.10259
4500	10.1029
4502	10.10356
4504	10.10398
4506	10.10411
4508	10.1041
4510	10.10387
4512	10.10402
4514	10.10453
4516	10.10512
4518	10.10594
4520	10.10604
4522	10.10591
4524	10.10619
4526	10.10636
4528	10.10657
4530	10.10648
4532	10.10643
4534	10.10691
4536	10.10712
4538	10.10757
4540	10.10797
4542	10.10845
4544	10.10852
4546	10.10892
4548	10.10938
4550	10.10989
4552	10.10999
4554	10.10966
4556	10.10995
4558	10.10996
4560	10.10978
4562	10.10987
4564	10.11036
4566	10.11065
4568	10.11087
4570	10.11072
4572	10.11091
4574	10.11106
4576	10.11142
4578	10.11153
4580	10.11152
4582	10.11171
4584	10.11181
4586	10.11195
4588	10.1122
4590	10.11276
4592	10.11313
4594	10.11297
4596	10.11302
4598	10.11351
4600	10.11357
4602	10.11403
4604	10.11451
4606	10.11453
4608	10.11491
4610	10.11513
4612	10.11471
4614	10.11478
4616	10.1152
4618	10.11563
4620	10.11614
4622	10.11608
4624	10.11623
4626	10.11654
4628	10.11667
4630	10.11665
4632	10.11682
4634	10.11667
4636	10.11705
4638	10.11733
4640	10.11759
4642	10.11768
4644	10.1175
4646	10.11737
4648	10.11773
4650	10.1186
4652	10.11896
4654	10.11888
4656	10.11896
4658	10.11869
4660	10.11872
4662	10.1191
4664	10.11898
4666	10.11911
4668	10.11963
4670	10.11947
4672	10.11935
4674	10.11959
4676	10.11984
4678	10.11966
4680	10.12022
4682	10.12043
4684	10.1203
4686	10.12034
4688	10.12027
4690	10.1205
4692	10.12061
4694	10.12047
4696	10.12077
4698	10.12117
4700	10.12162
4702	10.12184
4704	10.12184
4706	10.12225
4708	10.12205
4710	10.12218
4712	10.12213
4714	10.12193
4716	10.12199
4718	10.12239
4720	10.12267
4722	10.12309
4724	10.12311
4726	10.12289
4728	10.12342
4730	10.12403
4732	10.12383
4734	10.12365
4736	10.12368
4738	10.1241
4740	10.12403
4742	10.1242
4744	10.12427
4746	10.12437
4748	10.12439
4750	10.12449
4752	10.12502
4754	10.12527
4756	10.12558
4758	10.12561
4760	10.12565
4762	10.1257
4764	10.12583
4766	10.12553
4768	10.12562
4770	10.12561
4772	10.12583
4774	10.12548
4776	10.12549
4778	10.12584
4780	10.12631
4782	10.12604
4784	10.12511
4786	10.12469
4788	10.12457
4790	10.12422
4792	10.12442
4794	10.12467
4796	10.1247
4798	10.12486
4800	10.12468
4802	10.12451
4804	10.12459
4806	10.12512
4808	10.12581
4810	10.12621
4812	10.12617
4814	10.12639
4816	10.12682
4818	10.12701
4820	10.12713
4822	10.12707
4824	10.12697
4826	10.127
4828	10.12724
4830	10.12754
4832	10.12788
4834	10.12813
4836	10.12828
4838	10.12824
4840	10.12843
4842	10.12871
4844	10.1289
4846	10.12877
4848	10.12893
4850	10.1289
4852	10.12924
4854	10.12969
4856	10.12995
4858	10.1299
4860	10.12962
4862	10.12947
4864	10.12959
4866	10.13026
4868	10.13064
4870	10.13077
4872	10.13078
4874	10.13062
4876	10.13052
4878	10.13046
4880	10.1307
4882	10.13075
4884	10.13095
4886	10.13113
4888	10.13117
4890	10.13139
4892	10.13153
4894	10.13137
4896	10.13137
4898	10.13173
4900	10.13206
4902	10.13215
4904	10.13236
4906	10.13276
4908	10.1329
4910	10.13272
4912	10.13259
4914	10.13218
4916	10.13239
4918	10.13252
4920	10.13277
4922	10.13311
4924	10.13331
4926	10.13325
4928	10.13305
4930	10.13288
4932	10.1332
4934	10.13361
4936	10.1338
4938	10.13393
4940	10.13386
4942	10.13396
4944	10.13411
4946	10.13432
4948	10.13461
4950	10.13473
4952	10.13466
4954	10.13443
4956	10.13447
4958	10.13469
4960	10.13508
4962	10.13541
4964	10.13579
4966	10.13602
4968	10.13621
4970	10.13625
4972	10.1364
4974	10.13658
4976	10.1366
4978	10.13643
4980	10.13627
4982	10.13643
4984	10.13692
4986	10.1372
4988	10.13757
4990	10.13782
4992	10.13765
4994	10.13719
4996	10.13709
4998	10.13712
5000	10.13704
5002	10.13709
5004	10.13718
5006	10.13734
5008	10.13738
5010	10.13714
5012	10.13714
5014	10.13703
5016	10.13675
5018	10.13693
5020	10.13721
5022	10.13764
5024	10.13805
5026	10.13792
5028	10.13772
5030	10.13798
5032	10.13811
5034	10.13831
5036	10.13869
5038	10.1392
5040	10.13913
5042	10.139
5044	10.13911
5046	10.13923
5048	10.13935
5050	10.13951
5052	10.13961
5054	10.13932
5056	10.13946
5058	10.13936
5060	10.13932
5062	10.13971
5064	10.13985
5066	10.14014
5068	10.14009
5070	10.13985
5072	10.14002
5074	10.14032
5076	10.14035
5078	10.1404
5080	10.1405
5082	10.14041
5084	10.14043
5086	10.14064
5088	10.14061
5090	10.14056
5092	10.14056
5094	10.1403
5096	10.1405
5098	10.14079
5100	10.14094
5102	10.14119
5104	10.1412
5106	10.14136
5108	10.14168
5110	10.14207
5112	10.14204
5114	10.14183
5116	10.142
5118	10.1423
5120	10.1424
5122	10.14198
5124	10.1419
5126	10.14237
5128	10.14249
5130	10.14255
5132	10.14306
5134	10.14277
5136	10.14244
5138	10.14243
5140	10.14251
5142	10.14243
5144	10.14233
5146	10.14245
5148	10.14283
5150	10.14311
5152	10.1432
5154	10.14349
5156	10.14368
5158	10.14373
5160	10.14364
5162	10.144
5164	10.14403
5166	10.14431
5168	10.14412
5170	10.14418
5172	10.1441
5174	10.14423
5176	10.14421
5178	10.14393
5180	10.14396
5182	10.14475
5184	10.145
5186	10.14535
5188	10.14516
5190	10.14493
5192	10.1449
5194	10.14518
5196	10.14548
5198	10.14562
5200	10.14565
5202	10.14564
5204	10.14542
5206	10.14503
5208	10.14469
5210	10.14481
5212	10.14497
5214	10.14481
5216	10.14472
5218	10.14444
5220	10.14421
5222	10.14433
5224	10.14449
5226	10.14487
5228	10.14484
5230	10.14503
5232	10.14538
5234	10.1452
5236	10.14546
5238	10.14574
5240	10.14617
5242	10.1461
5244	10.14601
5246	10.14635
5248	10.14642
5250	10.14654
5252	10.14636
5254	10.14633
5256	10.14651
5258	10.14657
5260	10.1464
5262	10.14608
5264	10.14622
5266	10.14627
5268	10.14626
5270	10.14629
5272	10.1462
5274	10.14631
5276	10.1464
5278	10.14655
5280	10.1467
5282	10.14687
5284	10.14671
5286	10.14679
5288	10.14693
5290	10.14712
5292	10.14731
5294	10.14768
5296	10.14818
5298	10.14815
5300	10.14763
5302	10.1477
5304	10.14768
5306	10.14744
5308	10.14749
5310	10.1477
5312	10.1479
5314	10.14822
5316	10.14774
5318	10.14776
5320	10.148
5322	10.14795
5324	10.148
5326	10.14796
5328	10.14798
5330	10.14809
5332	10.14815
5334	10.14822
5336	10.14832
5338	10.14845
5340	10.14867
5342	10.14877
5344	10.14877
5346	10.14899
5348	10.14963
5350	10.14951
5352	10.14949
5354	10.14946
5356	10.14926
5358	10.14909
5360	10.14886
5362	10.14876
5364	10.14936
5366	10.14963
5368	10.15001
5370	10.15032
5372	10.15051
5374	10.15033
5376	10.15008
5378	10.15023
5380	10.14987
5382	10.15
5384	10.15047
5386	10.15039
5388	10.15026
5390	10.15057
5392	10.15059
5394	10.15043
5396	10.15066
5398	10.15056
5400	10.15087
5402	10.15083
5404	10.15072
5406	10.15101
5408	10.15144
5410	10.15147
5412	10.15133
5414	10.15133
5416	10.15104
5418	10.15118
5420	10.15156
5422	10.15144
5424	10.15137
5426	10.15121
5428	10.15095
5430	10.15101
5432	10.15126
5434	10.15121
5436	10.15144
5438	10.15164
5440	10.1518
5442	10.15161
5444	10.15134
5446	10.15142
5448	10.15178
5450	10.15195
5452	10.15204
5454	10.15188
5456	10.15213
5458	10.1517
5460	10.15159
5462	10.1519
5464	10.15199
5466	10.15198
5468	10.15212
5470	10.15219
5472	10.15208
5474	10.15164
5476	10.15168
5478	10.15183
5480	10.15205
5482	10.1521
5484	10.15195
5486	10.15193
5488	10.15234
5490	10.15245
5492	10.15231
5494	10.15229
5496	10.15265
5498	10.15247
5500	10.15263
5502	10.15263
5504	10.15292
5506	10.15298
5508	10.15271
5510	10.15274
5512	10.15246
5514	10.15193
5516	10.15224
5518	10.1525
5520	10.15268
5522	10.15271
5524	10.15279
5526	10.15277
5528	10.15277
5530	10.15273
5532	10.15269
5534	10.15274
5536	10.15288
5538	10.15321
5540	10.15367
5542	10.15366
5544	10.15351
5546	10.15347
5548	10.15363
5550	10.15378
5552	10.15367
5554	10.15369
5556	10.15368
5558	10.15365
5560	10.1541
5562	10.1539
5564	10.15402
5566	10.15404
5568	10.15371
5570	10.15348
5572	10.15341
5574	10.15367
5576	10.1539
5578	10.15377
5580	10.15406
5582	10.15432
5584	10.15389
5586	10.15382
5588	10.15388
5590	10.15381
5592	10.15385
5594	10.15393
5596	10.1539
5598	10.15378
5600	10.15382
5602	10.15397
5604	10.15415
5606	10.15431
5608	10.15409
5610	10.15418
5612	10.15413
5614	10.15412
5616	10.15439
5618	10.15443
5620	10.15453
5622	10.15474
5624	10.15479
5626	10.15493
5628	10.15525
5630	10.15526
5632	10.15512
5634	10.155
5636	10.15486
5638	10.15485
5640	10.15488
5642	10.15489
5644	10.15502
5646	10.15482
5648	10.15478
5650	10.15505
5652	10.15519
5654	10.15524
5656	10.1556
5658	10.15578
5660	10.15556
5662	10.15535
5664	10.15516
5666	10.1554
5668	10.15532
5670	10.15533
5672	10.15522
5674	10.15498
5676	10.15514
5678	10.15508
5680	10.15531
5682	10.15553
5684	10.15573
5686	10.15583
5688	10.15584
5690	10.15589
5692	10.15581
5694	10.15577
5696	10.15579
5698	10.15586
5700	10.15603
5702	10.15569
