2	10.82966
4	10.82941
6	10.82961
8	10.82955
10	10.82922
12	10.82893
14	10.82802
16	10.82775
18	10.82785
20	10.82855
22	10.8295
24	10.82969
26	10.82974
28	10.82914
30	10.82863
32	10.82822
34	10.82835
36	10.82843
38	10.82858
40	10.82861
42	10.82821
44	10.82764
46	10.82723
48	10.82674
50	10.82668
52	10.82669
54	10.82673
56	10.82655
58	10.82693
60	10.82693
62	10.82704
64	10.82708
66	10.8276
68	10.82778
70	10.82813
72	10.82814
74	10.82768
76	10.82808
78	10.82857
80	10.82894
82	10.82945
84	10.82973
86	10.83014
88	10.83008
90	10.83037
92	10.83068
94	10.83065
96	10.8303
98	10.83008
100	10.83057
102	10.83114
104	10.83089
106	10.83097
108	10.83085
110	10.83094
112	10.83119
114	10.83103
116	10.83135
118	10.83131
120	10.83152
122	10.83148
124	10.8315
126	10.83156
128	10.83171
130	10.83169
132	10.83189
134	10.83277
136	10.83343
138	10.8336
140	10.83329
142	10.83288
144	10.83301
146	10.83345
148	10.83322
150	10.83345
152	10.83324
154	10.83353
156	10.83372
158	10.83411
160	10.83448
162	10.83415
164	10.8341
166	10.83422
168	10.83468
170	10.83459
172	10.83471
174	10.83461
176	10.83441
178	10.83414
180	10.83345
182	10.8334
184	10.83315
186	10.83293
188	10.83304
190	10.83295
192	10.8327
194	10.83266
196	10.83285
198	10.8327
200	10.83249
202	10.83207
204	10.83229
206	10.83234
208	10.83234
210	10.8323
212	10.83241
214	10.83262
216	10.83251
218	10.83196
220	10.83195
222	10.83217
224	10.8321
226	10.83205
228	10.83234
230	10.83239
232	10.83238
234	10.83283
236	10.83219
238	10.83188
240	10.83172
242	10.83198
244	10.83261
246	10.83285
248	10.83331
250	10.8333
252	10.83372
254	10.83438
256	10.83487
258	10.83536
260	10.83563
262	10.83552
264	10.83549
266	10.8348
268	10.8339
270	10.83337
272	10.83326
274	10.83359
276	10.83395
278	10.83416
280	10.83449
282	10.83534
284	10.83644
286	10.83782
288	10.83919
290	10.83992
292	10.84053
294	10.84111
296	10.84149
298	10.84184
300	10.84201
302	10.84186
304	10.84196
306	10.8423
308	10.84223
310	10.84143
312	10.83975
314	10.83731
316	10.83367
318	10.8291
320	10.82402
322	10.81863
324	10.81292
326	10.8068
328	10.80037
330	10.79387
332	10.78733
334	10.78063
336	10.77368
338	10.76712
340	10.76013
342	10.75324
344	10.7459
346	10.73902
348	10.73229
350	10.72539
352	10.71909
354	10.71339
356	10.7083
358	10.70367
360	10.70022
362	10.69744
364	10.69533
366	10.6938
368	10.69301
370	10.69289
372	10.69265
374	10.69331
376	10.69467
378	10.69566
380	10.69676
382	10.69798
384	10.69906
386	10.69988
388	10.70087
390	10.70207
392	10.70361
394	10.70526
396	10.70693
398	10.70825
400	10.70944
402	10.71074
404	10.71206
406	10.71423
408	10.71575
410	10.71686
412	10.71819
414	10.71987
416	10.72161
418	10.7233
420	10.72504
422	10.72692
424	10.72903
426	10.73085
428	10.73216
430	10.73395
432	10.7362
434	10.73799
436	10.73992
438	10.74162
440	10.74354
442	10.7452
444	10.74711
446	10.74892
448	10.75062
450	10.75234
452	10.75362
454	10.75531
456	10.75753
458	10.75939
460	10.76107
462	10.76247
464	10.76378
466	10.76512
468	10.76654
470	10.76813
472	10.76982
474	10.77133
476	10.77266
478	10.77434
480	10.77596
482	10.77716
484	10.77871
486	10.77979
488	10.78078
490	10.78213
492	10.78377
494	10.78523
496	10.78623
498	10.78722
500	10.78862
502	10.78999
504	10.79096
506	10.79245
508	10.79412
510	10.79566
512	10.79696
514	10.79819
516	10.79908
518	10.79975
520	10.8009
522	10.80225
524	10.80318
526	10.80417
528	10.80529
530	10.80594
532	10.80645
534	10.80744
536	10.80847
538	10.80961
540	10.81018
542	10.81097
544	10.81214
546	10.81338
548	10.81441
550	10.8154
552	10.81644
554	10.81746
556	10.81848
558	10.81906
560	10.81941
562	10.82015
564	10.82072
566	10.82099
568	10.82129
570	10.82183
572	10.82251
574	10.82319
576	10.82379
578	10.82436
580	10.8253
582	10.82619
584	10.82688
586	10.82735
588	10.82753
590	10.82864
592	10.8291
594	10.8298
596	10.83081
598	10.83117
600	10.83169
602	10.83223
604	10.83294
606	10.83326
608	10.83374
610	10.83453
612	10.8353
614	10.83574
616	10.8359
618	10.83614
620	10.83595
622	10.83607
624	10.8367
626	10.83747
628	10.83815
630	10.83829
632	10.83847
634	10.83884
636	10.83928
638	10.83954
640	10.83988
642	10.83968
644	10.84024
646	10.84091
648	10.84093
650	10.84191
652	10.84255
654	10.84323
656	10.8437
658	10.84408
660	10.84451
662	10.84492
664	10.84497
666	10.84524
668	10.84575
670	10.84582
672	10.84578
674	10.846
676	10.84618
678	10.84658
680	10.84655
682	10.84667
684	10.8472
686	10.84773
688	10.84791
690	10.84833
692	10.84864
694	10.84945
696	10.84959
698	10.84949
700	10.84981
702	10.84991
704	10.8501
706	10.85084
708	10.85148
710	10.85184
712	10.85214
714	10.85242
716	10.85285
718	10.85288
720	10.85283
722	10.85276
724	10.85278
726	10.85258
728	10.85291
730	10.85363
732	10.85359
734	10.85373
736	10.85405
738	10.85391
740	10.85404
742	10.85431
744	10.85419
746	10.85448
748	10.85519
750	10.85578
752	10.85607
754	10.85624
756	10.85633
758	10.85671
760	10.85737
762	10.85753
764	10.8573
766	10.85733
768	10.8573
770	10.85759
772	10.85796
774	10.85804
776	10.85852
778	10.85849
780	10.85864
782	10.85901
784	10.85908
786	10.85897
788	10.85904
790	10.85941
792	10.85962
794	10.85989
796	10.85987
798	10.86
800	10.86032
802	10.86057
804	10.86086
806	10.86092
808	10.86122
810	10.86166
812	10.86189
814	10.86205
816	10.86211
818	10.8621
820	10.86206
822	10.86227
824	10.86251
826	10.86253
828	10.86289
830	10.8631
832	10.8631
834	10.86327
836	10.86325
838	10.86321
840	10.86331
842	10.86323
844	10.8629
846	10.86282
848	10.86279
850	10.86328
852	10.86391
854	10.86459
856	10.86498
858	10.86503
860	10.86507
862	10.86485
864	10.86462
866	10.86516
868	10.86579
870	10.86589
872	10.86596
874	10.86608
876	10.8663
878	10.86637
880	10.86657
882	10.86655
884	10.86669
886	10.86653
888	10.86651
890	10.86658
892	10.86678
894	10.86646
896	10.86619
898	10.86646
900	10.86727
902	10.86767
904	10.86759
906	10.86778
908	10.8681
910	10.86791
912	10.86841
914	10.86865
916	10.86867
918	10.86865
920	10.86915
922	10.86932
924	10.86928
926	10.86913
928	10.8692
930	10.86925
932	10.86946
934	10.86978
936	10.87036
938	10.87008
940	10.87003
942	10.86989
944	10.86975
946	10.87004
948	10.8706
950	10.87085
952	10.87065
954	10.87124
956	10.87138
958	10.8712
960	10.87084
962	10.87082
964	10.87106
966	10.87152
968	10.87142
970	10.87165
972	10.87162
974	10.87146
976	10.87141
978	10.87174
980	10.87242
982	10.87256
984	10.87206
986	10.87231
988	10.87234
990	10.87229
992	10.87273
994	10.87277
996	10.87264
998	10.87275
1000	10.8727
1002	10.87279
1004	10.87302
1006	10.87332
1008	10.87309
1010	10.87312
1012	10.87345
1014	10.87351
1016	10.87351
1018	10.87352
1020	10.87375
1022	10.87387
1024	10.87396
1026	10.87425
1028	10.87467
1030	10.8746
1032	10.87489
1034	10.87487
1036	10.8746
1038	10.8742
1040	10.87434
1042	10.87455
1044	10.87468
1046	10.87499
1048	10.8748
1050	10.87473
1052	10.87497
1054	10.87511
1056	10.87537
1058	10.87551
1060	10.87563
1062	10.87582
1064	10.87585
1066	10.87593
1068	10.87633
1070	10.8774
1072	10.87784
1074	10.87809
1076	10.87856
1078	10.87924
1080	10.87921
1082	10.87897
1084	10.87883
1086	10.87863
1088	10.87881
1090	10.87854
1092	10.87821
1094	10.87771
1096	10.87748
1098	10.87773
1100	10.87794
1102	10.87766
1104	10.87771
1106	10.87744
1108	10.87624
1110	10.87428
1112	10.87122
1114	10.86732
1116	10.86284
1118	10.85778
1120	10.85224
1122	10.84587
1124	10.83913
1126	10.8324
1128	10.8255
1130	10.81877
1132	10.81226
1134	10.80592
1136	10.79927
1138	10.79242
1140	10.78619
1142	10.77953
1144	10.7731
1146	10.76622
1148	10.75921
1150	10.75231
1152	10.74573
1154	10.73905
1156	10.73244
1158	10.72602
1160	10.72022
1162	10.71426
1164	10.70824
1166	10.70222
1168	10.69626
1170	10.69005
1172	10.68424
1174	10.6781
1176	10.672
1178	10.66609
1180	10.66002
1182	10.65429
1184	10.64844
1186	10.64256
1188	10.63679
1190	10.63143
1192	10.62556
1194	10.62009
1196	10.61481
1198	10.60965
1200	10.60466
1202	10.59969
1204	10.59479
1206	10.59016
1208	10.58522
1210	10.5806
1212	10.57562
1214	10.57076
1216	10.56598
1218	10.56117
1220	10.55657
1222	10.55233
1224	10.54819
1226	10.54397
1228	10.53956
1230	10.53561
1232	10.53131
1234	10.52718
1236	10.52259
1238	10.51826
1240	10.51446
1242	10.51051
1244	10.50677
1246	10.50289
1248	10.49918
1250	10.49563
1252	10.49203
1254	10.48826
1256	10.48427
1258	10.48029
1260	10.47687
1262	10.47387
1264	10.47035
1266	10.46698
1268	10.46368
1270	10.46011
1272	10.45713
1274	10.45383
1276	10.45064
1278	10.44759
1280	10.44444
1282	10.44137
1284	10.43826
1286	10.43594
1288	10.43284
1290	10.42983
1292	10.4272
1294	10.42402
1296	10.42141
1298	10.41959
1300	10.41828
1302	10.41692
1304	10.41582
1306	10.41576
1308	10.41582
1310	10.4168
1312	10.41811
1314	10.41986
1316	10.42175
1318	10.42408
1320	10.42694
1322	10.42935
1324	10.43251
1326	10.436
1328	10.43941
1330	10.44278
1332	10.44643
1334	10.45009
1336	10.45392
1338	10.45791
1340	10.46227
1342	10.46666
1344	10.4712
1346	10.47532
1348	10.4794
1350	10.48363
1352	10.48832
1354	10.49254
1356	10.49657
1358	10.50128
1360	10.50579
1362	10.5105
1364	10.51487
1366	10.51904
1368	10.52336
1370	10.52808
1372	10.5326
1374	10.53675
1376	10.54115
1378	10.54586
1380	10.55068
1382	10.55494
1384	10.55981
1386	10.5645
1388	10.56903
1390	10.57344
1392	10.57798
1394	10.5822
1396	10.58651
1398	10.59083
1400	10.5951
1402	10.59961
1404	10.60415
1406	10.60847
1408	10.61275
1410	10.61692
1412	10.62089
1414	10.62487
1416	10.62865
1418	10.63202
1420	10.63557
1422	10.63975
1424	10.64347
1426	10.64724
1428	10.65109
1430	10.6546
1432	10.65822
1434	10.66189
1436	10.66569
1438	10.66972
1440	10.67333
1442	10.67721
1444	10.68041
1446	10.68342
1448	10.68663
1450	10.69029
1452	10.69381
1454	10.69702
1456	10.70026
1458	10.70367
1460	10.70673
1462	10.70964
1464	10.71277
1466	10.71597
1468	10.71883
1470	10.72148
1472	10.7247
1474	10.72744
1476	10.73027
1478	10.73287
1480	10.73587
1482	10.73904
1484	10.74236
1486	10.74542
1488	10.74836
1490	10.751
1492	10.75339
1494	10.75597
1496	10.75792
1498	10.76012
1500	10.76229
1502	10.76435
1504	10.76656
1506	10.76936
1508	10.77172
1510	10.77395
1512	10.77603
1514	10.77833
1516	10.78048
1518	10.78262
1520	10.7848
1522	10.78664
1524	10.78896
1526	10.79122
1528	10.7931
1530	10.79437
1532	10.79537
1534	10.79731
1536	10.79916
1538	10.80097
1540	10.80303
1542	10.80462
1544	10.80588
1546	10.80735
1548	10.80883
1550	10.81019
1552	10.811
1554	10.81239
1556	10.81402
1558	10.81624
1560	10.81781
1562	10.81917
1564	10.82062
1566	10.82207
1568	10.82356
1570	10.82508
1572	10.82658
1574	10.82783
1576	10.8293
1578	10.8301
1580	10.83107
1582	10.83218
1584	10.83342
1586	10.83483
1588	10.83623
1590	10.83748
1592	10.83907
1594	10.84059
1596	10.84138
1598	10.84201
1600	10.84313
1602	10.84415
1604	10.8449
1606	10.84573
1608	10.84682
1610	10.84743
1612	10.84811
1614	10.84899
1616	10.84979
1618	10.85054
1620	10.85187
1622	10.85276
1624	10.85301
1626	10.85385
1628	10.85501
1630	10.85544
1632	10.85626
1634	10.85724
1636	10.85753
1638	10.8585
1640	10.86004
1642	10.86095
1644	10.86177
1646	10.8632
1648	10.86408
1650	10.865
1652	10.8656
1654	10.86623
1656	10.8668
1658	10.86747
1660	10.86796
1662	10.86819
1664	10.86843
1666	10.86898
1668	10.86942
1670	10.86976
1672	10.87008
1674	10.87069
1676	10.87155
1678	10.87199
1680	10.87222
1682	10.87277
1684	10.87358
1686	10.87393
1688	10.87435
1690	10.87478
1692	10.87552
1694	10.87633
1696	10.87697
1698	10.87762
1700	10.87833
1702	10.87883
1704	10.87892
1706	10.8791
1708	10.87971
1710	10.88047
1712	10.88095
1714	10.88146
1716	10.8818
1718	10.88239
1720	10.8829
1722	10.88313
1724	10.88363
1726	10.88394
1728	10.88415
1730	10.88428
1732	10.88422
1734	10.88462
1736	10.88489
1738	10.8856
1740	10.88624
1742	10.88623
1744	10.88626
1746	10.88633
1748	10.88652
1750	10.88699
1752	10.88758
1754	10.88811
1756	10.8884
1758	10.88901
1760	10.88922
1762	10.88935
1764	10.8895
1766	10.88954
1768	10.88932
1770	10.88917
1772	10.88943
1774	10.88967
1776	10.89002
1778	10.89024
1780	10.89017
1782	10.89053
1784	10.89096
1786	10.89157
1788	10.89213
1790	10.89261
1792	10.89312
1794	10.89343
1796	10.89366
1798	10.89397
1800	10.89446
1802	10.8949
1804	10.89509
1806	10.89528
1808	10.8958
1810	10.89596
1812	10.89593
1814	10.89634
1816	10.8965
1818	10.89619
1820	10.89598
1822	10.89607
1824	10.89593
1826	10.89595
1828	10.89609
1830	10.89612
1832	10.89645
1834	10.89635
1836	10.89602
1838	10.89602
1840	10.89615
1842	10.89643
1844	10.89668
1846	10.89665
1848	10.8969
1850	10.89689
1852	10.89729
1854	10.89758
1856	10.89791
1858	10.8979
1860	10.89807
1862	10.89824
1864	10.8983
1866	10.89842
1868	10.89865
1870	10.89898
1872	10.89903
1874	10.89927
1876	10.89925
1878	10.89925
1880	10.89935
1882	10.89945
1884	10.89935
1886	10.89905
1888	10.89905
1890	10.89935
1892	10.8994
1894	10.89927
1896	10.89947
1898	10.89993
1900	10.90003
1902	10.90023
1904	10.90049
1906	10.90077
1908	10.90086
1910	10.90082
1912	10.90086
1914	10.90058
1916	10.90071
1918	10.90112
1920	10.90128
1922	10.9016
1924	10.90211
1926	10.90237
1928	10.90225
1930	10.90246
1932	10.90283
1934	10.90309
1936	10.90306
1938	10.90274
1940	10.90241
1942	10.90253
1944	10.90273
1946	10.9026
1948	10.90249
1950	10.90243
1952	10.90214
1954	10.90191
1956	10.90156
1958	10.90199
1960	10.90256
1962	10.9029
1964	10.90313
1966	10.90329
1968	10.90356
1970	10.9039
1972	10.90435
1974	10.90438
1976	10.90426
1978	10.90438
1980	10.90443
1982	10.90463
1984	10.90492
1986	10.90529
1988	10.90524
1990	10.90553
1992	10.90544
1994	10.90487
1996	10.9051
1998	10.90585
2000	10.9061
2002	10.90571
2004	10.90569
2006	10.90539
2008	10.90518
2010	10.90541
2012	10.90571
2014	10.9057
2016	10.90592
2018	10.9064
2020	10.90633
2022	10.90645
2024	10.90662
2026	10.90682
2028	10.90652
2030	10.90622
2032	10.90579
2034	10.90581
2036	10.90548
2038	10.90524
2040	10.90522
2042	10.90555
2044	10.90612
2046	10.9064
2048	10.90673
2050	10.90708
2052	10.90713
2054	10.9073
2056	10.90733
2058	10.9072
2060	10.9072
2062	10.90726
2064	10.90736
2066	10.90735
2068	10.9068
2070	10.90654
2072	10.90687
2074	10.90724
2076	10.90717
2078	10.90722
2080	10.90714
2082	10.90678
2084	10.90718
2086	10.90733
2088	10.90754
2090	10.90741
2092	10.90705
2094	10.90684
2096	10.90705
2098	10.90775
2100	10.90798
2102	10.90809
2104	10.90807
2106	10.90798
2108	10.90837
2110	10.90846
2112	10.90841
2114	10.90865
2116	10.90853
2118	10.90867
2120	10.90875
2122	10.90881
2124	10.90906
2126	10.90899
2128	10.90901
2130	10.90914
2132	10.90918
2134	10.90956
2136	10.90936
2138	10.90904
2140	10.90934
2142	10.9093
2144	10.90926
2146	10.90975
2148	10.90978
2150	10.90959
2152	10.90975
2154	10.90999
2156	10.91007
2158	10.91012
2160	10.90987
2162	10.90985
2164	10.90986
2166	10.91003
2168	10.91012
2170	10.91001
2172	10.90973
2174	10.90991
2176	10.90997
2178	10.90996
2180	10.91014
2182	10.90991
2184	10.91003
2186	10.90982
2188	10.90992
2190	10.91006
2192	10.90992
2194	10.90952
2196	10.90972
2198	10.91035
2200	10.91059
2202	10.91049
2204	10.91048
2206	10.91009
2208	10.91005
2210	10.91002
2212	10.90996
2214	10.90985
2216	10.90984
2218	10.90997
2220	10.91011
2222	10.9105
2224	10.91069
2226	10.91081
2228	10.91078
2230	10.91106
2232	10.91135
2234	10.91146
2236	10.91174
2238	10.9117
2240	10.91156
2242	10.91153
2244	10.91159
2246	10.91145
2248	10.91148
2250	10.91135
2252	10.9115
2254	10.91161
2256	10.91158
2258	10.91151
2260	10.91124
2262	10.91093
2264	10.91095
2266	10.91128
2268	10.91145
2270	10.91169
2272	10.91184
2274	10.91183
2276	10.91212
2278	10.91213
2280	10.91221
2282	10.91238
2284	10.91223
2286	10.91231
2288	10.91261
2290	10.91287
2292	10.91291
2294	10.91288
2296	10.9131
2298	10.91314
2300	10.91341
2302	10.91336
2304	10.91306
2306	10.91272
2308	10.91218
2310	10.91218
2312	10.91257
2314	10.91259
2316	10.91231
2318	10.9125
2320	10.91277
2322	10.91249
2324	10.91228
2326	10.91256
2328	10.91268
2330	10.91267
2332	10.91293
2334	10.91318
2336	10.91319
2338	10.91349
2340	10.91355
2342	10.91344
2344	10.91365
2346	10.91376
2348	10.91386
2350	10.91386
2352	10.91394
2354	10.91394
2356	10.91416
2358	10.91422
2360	10.91405
2362	10.91399
2364	10.91421
2366	10.91419
2368	10.91451
2370	10.91475
2372	10.91468
2374	10.91455
2376	10.91453
2378	10.91425
2380	10.91453
2382	10.91463
2384	10.91469
2386	10.91489
2388	10.91479
2390	10.91492
2392	10.91468
2394	10.9148
2396	10.9146
2398	10.91472
2400	10.91478
2402	10.9148
2404	10.91508
2406	10.91526
2408	10.91514
2410	10.91513
2412	10.91481
2414	10.91457
2416	10.91493
2418	10.91515
2420	10.91528
2422	10.91555
2424	10.91573
2426	10.91589
2428	10.91617
2430	10.91602
2432	10.91591
2434	10.91591
2436	10.91629
2438	10.91641
2440	10.91625
2442	10.91635
2444	10.91644
2446	10.91614
2448	10.91627
2450	10.91643
2452	10.91636
2454	10.91649
2456	10.91692
2458	10.91731
2460	10.91735
2462	10.91795
2464	10.91826
2466	10.91835
2468	10.91813
2470	10.91818
2472	10.91816
2474	10.91831
2476	10.91795
2478	10.91759
2480	10.91724
2482	10.91714
2484	10.9172
2486	10.9168
2488	10.91679
2490	10.91684
2492	10.91685
2494	10.91686
2496	10.91675
2498	10.91689
2500	10.91737
2502	10.91788
2504	10.91788
2506	10.91738
2508	10.91644
2510	10.91513
2512	10.91325
2514	10.91057
2516	10.90702
2518	10.90281
2520	10.89795
2522	10.89297
2524	10.88711
2526	10.88111
2528	10.87505
2530	10.86859
2532	10.86215
2534	10.85606
2536	10.84975
2538	10.84363
2540	10.8372
2542	10.83029
2544	10.82372
2546	10.81775
2548	10.81132
2550	10.80445
2552	10.79766
2554	10.79105
2556	10.78462
2558	10.77776
2560	10.77136
2562	10.76512
2564	10.7587
2566	10.75238
2568	10.74613
2570	10.73977
2572	10.73349
2574	10.72835
2576	10.72285
2578	10.71697
2580	10.71102
2582	10.70538
2584	10.69955
2586	10.694
2588	10.68814
2590	10.68218
2592	10.6769
2594	10.67178
2596	10.66657
2598	10.66125
2600	10.65586
2602	10.65045
2604	10.64491
2606	10.63952
2608	10.63415
2610	10.62928
2612	10.62481
2614	10.62024
2616	10.61555
2618	10.61066
2620	10.60588
2622	10.60168
2624	10.59686
2626	10.59227
2628	10.58782
2630	10.58355
2632	10.57935
2634	10.57499
2636	10.57078
2638	10.56644
2640	10.56245
2642	10.55801
2644	10.55374
2646	10.54924
2648	10.54506
2650	10.54139
2652	10.53778
2654	10.534
2656	10.52999
2658	10.52622
2660	10.52277
2662	10.51923
2664	10.51589
2666	10.51255
2668	10.50899
2670	10.5054
2672	10.50224
2674	10.49846
2676	10.49519
2678	10.49191
2680	10.48896
2682	10.4859
2684	10.48271
2686	10.47968
2688	10.47657
2690	10.47357
2692	10.47039
2694	10.46738
2696	10.46439
2698	10.46207
2700	10.46073
2702	10.45983
2704	10.45901
2706	10.45873
2708	10.45867
2710	10.45868
2712	10.459
2714	10.45982
2716	10.46119
2718	10.46268
2720	10.46432
2722	10.46653
2724	10.46902
2726	10.47122
2728	10.47394
2730	10.47671
2732	10.47961
2734	10.48257
2736	10.48602
2738	10.48929
2740	10.49292
2742	10.49642
2744	10.50004
2746	10.50368
2748	10.50738
2750	10.51151
2752	10.51538
2754	10.51933
2756	10.5239
2758	10.52828
2760	10.53236
2762	10.53653
2764	10.54066
2766	10.54439
2768	10.54838
2770	10.55256
2772	10.55641
2774	10.56054
2776	10.56444
2778	10.56845
2780	10.5725
2782	10.57705
2784	10.5818
2786	10.58614
2788	10.59019
2790	10.5942
2792	10.5981
2794	10.60195
2796	10.60603
2798	10.61016
2800	10.61371
2802	10.61778
2804	10.62186
2806	10.62572
2808	10.63004
2810	10.634
2812	10.63802
2814	10.64241
2816	10.64632
2818	10.64994
2820	10.65376
2822	10.65723
2824	10.66139
2826	10.66543
2828	10.66913
2830	10.67259
2832	10.67606
2834	10.6797
2836	10.68332
2838	10.68708
2840	10.69026
2842	10.69367
2844	10.69744
2846	10.7008
2848	10.70423
2850	10.70764
2852	10.71074
2854	10.71387
2856	10.71721
2858	10.72063
2860	10.72424
2862	10.72741
2864	10.73045
2866	10.73372
2868	10.73657
2870	10.73944
2872	10.74239
2874	10.74498
2876	10.74788
2878	10.75107
2880	10.75429
2882	10.75723
2884	10.76009
2886	10.7629
2888	10.76563
2890	10.768
2892	10.77021
2894	10.77268
2896	10.77542
2898	10.77807
2900	10.78036
2902	10.78279
2904	10.78495
2906	10.78738
2908	10.78963
2910	10.79156
2912	10.7939
2914	10.79626
2916	10.79875
2918	10.80124
2920	10.80333
2922	10.80552
2924	10.80748
2926	10.80972
2928	10.81165
2930	10.81426
2932	10.8166
2934	10.818
2936	10.81971
2938	10.82175
2940	10.82347
2942	10.82508
2944	10.82692
2946	10.82884
2948	10.83062
2950	10.83223
2952	10.83356
2954	10.83534
2956	10.83679
2958	10.83855
2960	10.84052
2962	10.84213
2964	10.84372
2966	10.84487
2968	10.84632
2970	10.84829
2972	10.85008
2974	10.85135
2976	10.85268
2978	10.85412
2980	10.85544
2982	10.8569
2984	10.85816
2986	10.8591
2988	10.86034
2990	10.86149
2992	10.86263
2994	10.8636
2996	10.86465
2998	10.8656
3000	10.86669
3002	10.86782
3004	10.86888
3006	10.87004
3008	10.87112
3010	10.87258
3012	10.874
3014	10.87532
3016	10.87669
3018	10.87769
3020	10.87869
3022	10.87969
3024	10.88054
3026	10.88138
3028	10.8824
3030	10.88363
3032	10.88411
3034	10.88466
3036	10.88575
3038	10.88643
3040	10.88708
3042	10.88796
3044	10.88883
3046	10.8897
3048	10.89048
3050	10.89132
3052	10.89228
3054	10.8931
3056	10.89377
3058	10.89466
3060	10.89524
3062	10.89627
3064	10.8967
3066	10.89688
3068	10.89721
3070	10.89801
3072	10.89852
3074	10.8988
3076	10.89936
3078	10.89999
3080	10.90097
3082	10.90138
3084	10.90173
3086	10.90231
3088	10.90315
3090	10.90403
3092	10.90441
3094	10.90493
3096	10.90528
3098	10.90588
3100	10.90619
3102	10.90666
3104	10.90688
3106	10.9075
3108	10.90813
3110	10.90911
3112	10.90959
3114	10.91024
3116	10.91051
3118	10.9111
3120	10.91157
3122	10.91167
3124	10.91188
3126	10.91189
3128	10.91215
3130	10.91256
3132	10.91291
3134	10.91344
3136	10.91401
3138	10.91422
3140	10.91449
3142	10.91488
3144	10.91504
3146	10.91528
3148	10.91543
3150	10.91575
3152	10.91615
3154	10.91704
3156	10.91766
3158	10.91787
3160	10.91816
3162	10.9185
3164	10.91871
3166	10.91906
3168	10.9195
3170	10.9197
3172	10.92009
3174	10.92054
3176	10.92061
3178	10.92106
3180	10.92116
3182	10.9213
3184	10.92133
3186	10.92154
3188	10.92215
3190	10.92222
3192	10.92235
3194	10.92261
3196	10.92286
3198	10.92314
3200	10.9234
3202	10.92391
3204	10.92417
3206	10.92442
3208	10.92435
3210	10.92478
3212	10.9249
3214	10.9249
3216	10.92536
3218	10.92563
3220	10.92583
3222	10.92574
3224	10.92567
3226	10.9255
3228	10.92594
3230	10.92636
3232	10.92679
3234	10.92675
3236	10.92633
3238	10.92616
3240	10.9263
3242	10.92627
3244	10.92689
3246	10.92724
3248	10.92743
3250	10.92778
3252	10.92829
3254	10.92884
3256	10.92958
3258	10.92969
3260	10.92979
3262	10.93001
3264	10.93002
3266	10.92998
3268	10.93043
3270	10.93077
3272	10.9307
3274	10.93072
3276	10.93068
3278	10.93092
3280	10.93065
3282	10.93064
3284	10.93111
3286	10.93102
3288	10.93093
3290	10.93145
3292	10.93125
3294	10.93084
3296	10.93066
3298	10.93119
3300	10.93147
3302	10.93202
3304	10.9325
3306	10.93278
3308	10.93269
3310	10.93287
3312	10.93307
3314	10.93298
3316	10.9329
3318	10.93294
3320	10.93286
3322	10.93268
3324	10.93248
3326	10.93243
3328	10.93225
3330	10.93217
3332	10.93262
3334	10.93287
3336	10.93319
3338	10.93373
3340	10.93424
3342	10.93443
3344	10.93457
3346	10.93476
3348	10.93469
3350	10.93455
3352	10.93438
3354	10.93456
3356	10.93462
3358	10.93467
3360	10.93467
3362	10.93471
3364	10.93494
3366	10.93524
3368	10.93565
3370	10.93589
3372	10.93578
3374	10.93563
3376	10.9351
3378	10.93503
3380	10.935
3382	10.93451
3384	10.93475
3386	10.9351
3388	10.93529
3390	10.93554
3392	10.93584
3394	10.93596
3396	10.93605
3398	10.93573
3400	10.9354
3402	10.93541
3404	10.93557
3406	10.93574
3408	10.9355
3410	10.93554
3412	10.93578
3414	10.93629
3416	10.93647
3418	10.93665
3420	10.93703
3422	10.93728
3424	10.93779
3426	10.93828
3428	10.93828
3430	10.93817
3432	10.93764
3434	10.93707
3436	10.93742
3438	10.93786
3440	10.93777
3442	10.93744
3444	10.937
3446	10.9369
3448	10.93695
3450	10.93663
3452	10.93623
3454	10.93637
3456	10.93697
3458	10.93725
3460	10.9376
3462	10.93792
3464	10.93746
3466	10.93694
3468	10.93711
3470	10.93698
3472	10.93678
3474	10.93653
3476	10.93618
3478	10.93646
3480	10.93717
3482	10.93744
3484	10.93776
3486	10.9379
3488	10.93777
3490	10.93821
3492	10.93819
3494	10.9378
3496	10.93801
3498	10.93818
3500	10.93808
3502	10.938
3504	10.93807
3506	10.93817
3508	10.93816
3510	10.93806
3512	10.93809
3514	10.93852
3516	10.93839
3518	10.93813
3520	10.93853
3522	10.93833
3524	10.93811
3526	10.9381
3528	10.93851
3530	10.93926
3532	10.93977
3534	10.93958
3536	10.93948
3538	10.93936
3540	10.93922
3542	10.93927
3544	10.93918
3546	10.93881
3548	10.93877
3550	10.93904
3552	10.93931
3554	10.93897
3556	10.93879
3558	10.93907
3560	10.93938
3562	10.93949
3564	10.93924
3566	10.93906
3568	10.93923
3570	10.93948
3572	10.93956
3574	10.93937
3576	10.93936
3578	10.93911
3580	10.93886
3582	10.93881
3584	10.93903
3586	10.93882
3588	10.9394
3590	10.93969
3592	10.93972
3594	10.93973
3596	10.94006
3598	10.94024
3600	10.94038
3602	10.94045
3604	10.94027
3606	10.94042
3608	10.94053
3610	10.94017
3612	10.94037
3614	10.9406
3616	10.94039
3618	10.94044
3620	10.94043
3622	10.94044
3624	10.94062
3626	10.94066
3628	10.94038
3630	10.94012
3632	10.93978
3634	10.93944
3636	10.9395
3638	10.9394
3640	10.93944
3642	10.93989
3644	10.94009
3646	10.94044
3648	10.94051
3650	10.94041
3652	10.94035
3654	10.94043
3656	10.94073
3658	10.94061
3660	10.94084
3662	10.94096
3664	10.94074
3666	10.94062
3668	10.94105
3670	10.94117
3672	10.94085
3674	10.94083
3676	10.94106
3678	10.94152
3680	10.94165
3682	10.94186
3684	10.9417
3686	10.9417
3688	10.94187
3690	10.94167
3692	10.94202
3694	10.94197
3696	10.94165
3698	10.94156
3700	10.94175
3702	10.94189
3704	10.94172
3706	10.9417
3708	10.94165
3710	10.94104
3712	10.9408
3714	10.94073
3716	10.94099
3718	10.94122
3720	10.94153
3722	10.94165
3724	10.94145
3726	10.94177
3728	10.94202
3730	10.94217
3732	10.94182
3734	10.94163
3736	10.94194
3738	10.9428
3740	10.94254
3742	10.94242
3744	10.94252
3746	10.94244
3748	10.94248
3750	10.94247
3752	10.94267
3754	10.94276
3756	10.94258
3758	10.94274
3760	10.9427
3762	10.94242
3764	10.94245
3766	10.94197
3768	10.94177
3770	10.942
3772	10.94226
3774	10.94253
3776	10.94267
3778	10.94284
3780	10.94309
3782	10.94331
3784	10.94359
3786	10.94347
3788	10.9432
3790	10.94302
3792	10.9427
3794	10.94268
3796	10.94198
3798	10.94185
3800	10.94216
3802	10.94209
3804	10.94231
3806	10.94309
3808	10.94335
3810	10.94318
3812	10.94302
3814	10.94316
3816	10.94331
3818	10.94302
3820	10.94289
3822	10.94304
3824	10.94328
3826	10.94324
3828	10.94307
3830	10.94306
3832	10.94317
3834	10.943
3836	10.94317
3838	10.94304
3840	10.94311
3842	10.94321
3844	10.94363
3846	10.94387
3848	10.94382
3850	10.94409
3852	10.94404
3854	10.94393
3856	10.94381
3858	10.94376
3860	10.94324
3862	10.94298
3864	10.94331
3866	10.94334
3868	10.94355
3870	10.94371
3872	10.94364
3874	10.94364
3876	10.94348
3878	10.94357
3880	10.94379
3882	10.94362
3884	10.94364
3886	10.94368
3888	10.94395
3890	10.94409
3892	10.94422
3894	10.9445
3896	10.94444
3898	10.94435
3900	10.94421
3902	10.94439
3904	10.94405
3906	10.94336
3908	10.94206
3910	10.94066
3912	10.93862
3914	10.93548
3916	10.9324
3918	10.92892
3920	10.92507
3922	10.92042
3924	10.91487
3926	10.90916
3928	10.90374
3930	10.89812
3932	10.89196
3934	10.88597
3936	10.8802
3938	10.87415
3940	10.86791
3942	10.86147
3944	10.8553
3946	10.84932
3948	10.84313
3950	10.83707
3952	10.83082
3954	10.82497
3956	10.81856
3958	10.81174
3960	10.80523
3962	10.79889
3964	10.79234
3966	10.78551
3968	10.7795
3970	10.77341
3972	10.76801
3974	10.76251
3976	10.75644
3978	10.75028
3980	10.74446
3982	10.73904
3984	10.73356
3986	10.72805
3988	10.72246
3990	10.71685
3992	10.71102
3994	10.70552
3996	10.7004
3998	10.6949
4000	10.68884
4002	10.68321
4004	10.6774
4006	10.67184
4008	10.66695
4010	10.66233
4012	10.65757
4014	10.65231
4016	10.6472
4018	10.64236
4020	10.63724
4022	10.63233
4024	10.62749
4026	10.62312
4028	10.61868
4030	10.61387
4032	10.60919
4034	10.60458
4036	10.59985
4038	10.59557
4040	10.59125
4042	10.58695
4044	10.58299
4046	10.57899
4048	10.57493
4050	10.57117
4052	10.56674
4054	10.56239
4056	10.5586
4058	10.55496
4060	10.55145
4062	10.54762
4064	10.5437
4066	10.53988
4068	10.53652
4070	10.53263
4072	10.52904
4074	10.52578
4076	10.52271
4078	10.51941
4080	10.51608
4082	10.51272
4084	10.50986
4086	10.50674
4088	10.50307
4090	10.49949
4092	10.49585
4094	10.49258
4096	10.48975
4098	10.48762
4100	10.48599
4102	10.48445
4104	10.48323
4106	10.48214
4108	10.48188
4110	10.48172
4112	10.48215
4114	10.48291
4116	10.48358
4118	10.48439
4120	10.48574
4122	10.48725
4124	10.48919
4126	10.49099
4128	10.49284
4130	10.49558
4132	10.49821
4134	10.50074
4136	10.50331
4138	10.50609
4140	10.50921
4142	10.51255
4144	10.5159
4146	10.51927
4148	10.52222
4150	10.52534
4152	10.52884
4154	10.53244
4156	10.53544
4158	10.53896
4160	10.54258
4162	10.54654
4164	10.55012
4166	10.55408
4168	10.55778
4170	10.56172
4172	10.5658
4174	10.5697
4176	10.57347
4178	10.5775
4180	10.58147
4182	10.58515
4184	10.58877
4186	10.59235
4188	10.59606
4190	10.59996
4192	10.60377
4194	10.60801
4196	10.61178
4198	10.61583
4200	10.61974
4202	10.62355
4204	10.62758
4206	10.63172
4208	10.6356
4210	10.63936
4212	10.64312
4214	10.64646
4216	10.64998
4218	10.65358
4220	10.65722
4222	10.66083
4224	10.66426
4226	10.66797
4228	10.672
4230	10.6754
4232	10.67904
4234	10.6827
4236	10.68634
4238	10.69002
4240	10.69358
4242	10.69704
4244	10.7004
4246	10.70344
4248	10.70642
4250	10.70962
4252	10.71266
4254	10.71573
4256	10.71892
4258	10.72211
4260	10.72508
4262	10.72818
4264	10.73176
4266	10.73512
4268	10.73808
4270	10.74098
4272	10.74447
4274	10.7474
4276	10.75044
4278	10.75289
4280	10.75515
4282	10.75809
4284	10.76089
4286	10.7635
4288	10.76648
4290	10.76908
4292	10.77146
4294	10.7744
4296	10.77734
4298	10.77978
4300	10.78208
4302	10.78479
4304	10.78756
4306	10.78999
4308	10.79243
4310	10.79501
4312	10.79721
4314	10.79928
4316	10.80125
4318	10.80352
4320	10.80555
4322	10.80762
4324	10.80973
4326	10.81153
4328	10.81372
4330	10.81632
4332	10.81856
4334	10.82071
4336	10.82291
4338	10.82504
4340	10.82672
4342	10.82875
4344	10.83044
4346	10.83182
4348	10.83329
4350	10.83483
4352	10.83702
4354	10.8387
4356	10.84042
4358	10.84259
4360	10.84438
4362	10.84581
4364	10.84707
4366	10.84864
4368	10.85041
4370	10.85208
4372	10.85366
4374	10.8551
4376	10.85621
4378	10.85757
4380	10.85893
4382	10.86044
4384	10.86199
4386	10.86316
4388	10.86424
4390	10.86577
4392	10.86723
4394	10.86838
4396	10.8696
4398	10.87095
4400	10.87216
4402	10.87342
4404	10.87478
4406	10.87571
4408	10.87686
4410	10.87817
4412	10.87881
4414	10.88009
4416	10.88123
4418	10.88262
4420	10.88391
4422	10.88498
4424	10.88634
4426	10.88734
4428	10.88815
4430	10.88929
4432	10.89019
4434	10.8912
4436	10.89211
4438	10.89301
4440	10.89389
4442	10.89455
4444	10.89537
4446	10.89593
4448	10.89653
4450	10.89727
4452	10.89823
4454	10.89911
4456	10.90002
4458	10.90097
4460	10.90146
4462	10.90209
4464	10.90287
4466	10.90389
4468	10.90499
4470	10.90584
4472	10.90636
4474	10.90695
4476	10.90789
4478	10.90832
4480	10.90863
4482	10.90946
4484	10.9101
4486	10.91086
4488	10.91168
4490	10.91233
4492	10.91303
4494	10.91367
4496	10.91398
4498	10.91459
4500	10.91477
4502	10.91504
4504	10.91561
4506	10.91654
4508	10.91715
4510	10.91727
4512	10.91832
4514	10.91887
4516	10.9187
4518	10.9188
4520	10.91948
4522	10.92017
4524	10.92069
4526	10.92137
4528	10.92178
4530	10.92238
4532	10.92279
4534	10.92305
4536	10.92368
4538	10.92429
4540	10.92461
4542	10.9252
4544	10.92599
4546	10.92617
4548	10.92626
4550	10.92653
4552	10.92667
4554	10.92695
4556	10.927
4558	10.92703
4560	10.9276
4562	10.92853
4564	10.92945
4566	10.92985
4568	10.92982
4570	10.92981
4572	10.93004
4574	10.93026
4576	10.9304
4578	10.93097
4580	10.93157
4582	10.9318
4584	10.93174
4586	10.93213
4588	10.93268
4590	10.93287
4592	10.93298
4594	10.93331
4596	10.93358
4598	10.9336
4600	10.93359
4602	10.93379
4604	10.93401
4606	10.93422
4608	10.93432
4610	10.93435
4612	10.93448
4614	10.93472
4616	10.93517
4618	10.93533
4620	10.93543
4622	10.93529
4624	10.93563
4626	10.93598
4628	10.93593
4630	10.93629
4632	10.93681
4634	10.93682
4636	10.93697
4638	10.93721
4640	10.93766
4642	10.93806
4644	10.93809
4646	10.93816
4648	10.93841
4650	10.93872
4652	10.93907
4654	10.93938
4656	10.93962
4658	10.93964
4660	10.93984
4662	10.93976
4664	10.93961
4666	10.94021
4668	10.9404
4670	10.94031
4672	10.94022
4674	10.94025
4676	10.94029
4678	10.94023
4680	10.94018
4682	10.94056
4684	10.9412
4686	10.94157
4688	10.9418
4690	10.94205
4692	10.94203
4694	10.9422
4696	10.94246
4698	10.9427
4700	10.94225
4702	10.94188
4704	10.94205
4706	10.94226
4708	10.94224
4710	10.94242
4712	10.94283
4714	10.94288
4716	10.94289
4718	10.94287
4720	10.94293
4722	10.94266
4724	10.94247
4726	10.94271
4728	10.94299
4730	10.94244
4732	10.9423
4734	10.94239
4736	10.94303
4738	10.94364
4740	10.94396
4742	10.94406
4744	10.94437
4746	10.94476
4748	10.94499
4750	10.94469
4752	10.94447
4754	10.94457
4756	10.94435
4758	10.9443
4760	10.94425
4762	10.94446
4764	10.94421
4766	10.94434
4768	10.94426
4770	10.94401
4772	10.94402
4774	10.94423
4776	10.94458
4778	10.94465
4780	10.94496
4782	10.94515
4784	10.94513
4786	10.94542
4788	10.94507
4790	10.9451
4792	10.94535
4794	10.94554
4796	10.94561
4798	10.94551
4800	10.94526
4802	10.94531
4804	10.94562
4806	10.94604
4808	10.94618
4810	10.94593
4812	10.94591
4814	10.94584
4816	10.9461
4818	10.94646
4820	10.94671
4822	10.9472
4824	10.9473
4826	10.94684
4828	10.94636
4830	10.94649
4832	10.94691
4834	10.94714
4836	10.94688
4838	10.94664
4840	10.94685
4842	10.94708
4844	10.94729
4846	10.94726
4848	10.9476
4850	10.94785
4852	10.94738
4854	10.94717
4856	10.94698
4858	10.94726
4860	10.94764
4862	10.94772
4864	10.94751
4866	10.94764
4868	10.94761
4870	10.94776
4872	10.94795
4874	10.94806
4876	10.94813
4878	10.94838
4880	10.9489
4882	10.94886
4884	10.94896
4886	10.94894
4888	10.94909
4890	10.9491
4892	10.94908
4894	10.94893
4896	10.94819
4898	10.9479
4900	10.94778
4902	10.94794
4904	10.94845
4906	10.9488
4908	10.94868
4910	10.94872
4912	10.94873
4914	10.94901
4916	10.94993
4918	10.9504
4920	10.95061
4922	10.95052
4924	10.95062
4926	10.9505
4928	10.94998
4930	10.94957
4932	10.94947
4934	10.94908
4936	10.94896
4938	10.94892
4940	10.94892
4942	10.94908
4944	10.9493
4946	10.94921
4948	10.94925
4950	10.94995
4952	10.95008
4954	10.94966
4956	10.94944
4958	10.94959
4960	10.94954
4962	10.94946
4964	10.94935
4966	10.94957
4968	10.94923
4970	10.94923
4972	10.94907
4974	10.94887
4976	10.94885
4978	10.94907
4980	10.94929
4982	10.94971
4984	10.94988
4986	10.95026
4988	10.95029
4990	10.95033
4992	10.95011
4994	10.94988
4996	10.94996
4998	10.95006
5000	10.95018
5002	10.95021
5004	10.95031
5006	10.95021
5008	10.95001
5010	10.95003
5012	10.9502
5014	10.95057
5016	10.95051
5018	10.95009
5020	10.94998
5022	10.94976
5024	10.94971
5026	10.9495
5028	10.94952
5030	10.94969
5032	10.94969
5034	10.95008
5036	10.95018
5038	10.95022
5040	10.94996
5042	10.95007
5044	10.95003
5046	10.94996
5048	10.9501
5050	10.95042
5052	10.95009
5054	10.95012
5056	10.95023
5058	10.9502
5060	10.95027
5062	10.95068
5064	10.95064
5066	10.9505
5068	10.95078
5070	10.95119
5072	10.95116
5074	10.9512
5076	10.95121
5078	10.9511
5080	10.95093
5082	10.95068
5084	10.95111
5086	10.95145
5088	10.95141
5090	10.95155
5092	10.95142
5094	10.95123
5096	10.95113
5098	10.95136
5100	10.95153
5102	10.9515
5104	10.95137
5106	10.95094
5108	10.95091
5110	10.95117
5112	10.95164
5114	10.95175
5116	10.95135
5118	10.95115
5120	10.95144
5122	10.95176
5124	10.95189
5126	10.95152
5128	10.95129
5130	10.9511
5132	10.95082
5134	10.9508
5136	10.95056
5138	10.95084
5140	10.95102
5142	10.951
5144	10.95087
5146	10.95119
5148	10.9513
5150	10.95129
5152	10.95156
5154	10.95199
5156	10.95199
5158	10.95163
5160	10.95177
5162	10.95183
5164	10.95179
5166	10.95164
5168	10.95156
5170	10.9514
5172	10.9514
5174	10.95163
5176	10.95164
5178	10.95146
5180	10.95138
5182	10.95151
5184	10.95181
5186	10.9521
5188	10.95217
5190	10.95239
5192	10.95235
5194	10.95195
5196	10.95183
5198	10.95206
5200	10.95228
5202	10.95308
5204	10.95326
5206	10.95284
5208	10.95251
5210	10.95226
5212	10.95205
5214	10.95195
5216	10.95217
5218	10.95218
5220	10.95217
5222	10.95227
5224	10.95235
5226	10.95191
5228	10.95188
5230	10.95254
5232	10.95278
5234	10.95269
5236	10.95243
5238	10.95273
5240	10.95305
5242	10.95344
5244	10.95324
5246	10.95299
5248	10.95283
5250	10.95245
5252	10.95245
5254	10.9525
5256	10.95275
5258	10.95234
5260	10.95219
5262	10.95211
5264	10.95225
5266	10.95186
5268	10.95201
5270	10.95219
5272	10.95238
5274	10.95266
5276	10.95239
5278	10.95258
5280	10.95273
5282	10.95325
5284	10.95346
5286	10.95355
5288	10.95327
5290	10.95322
5292	10.95311
5294	10.95284
5296	10.95285
5298	10.95298
5300	10.95298
5302	10.95293
5304	10.95228
5306	10.95203
5308	10.95209
5310	10.95245
5312	10.95261
5314	10.95287
5316	10.95293
5318	10.95302
5320	10.95313
5322	10.95234
5324	10.95254
5326	10.95278
5328	10.9531
5330	10.95326
5332	10.95341
5334	10.95362
5336	10.95359
5338	10.9535
5340	10.95357
5342	10.95311
5344	10.95349
5346	10.95363
5348	10.95342
5350	10.95344
5352	10.95324
5354	10.95336
5356	10.95346
5358	10.95375
5360	10.95372
5362	10.95334
5364	10.95297
5366	10.9528
5368	10.95322
5370	10.95319
5372	10.95333
5374	10.95329
5376	10.95331
5378	10.95365
5380	10.95376
5382	10.95355
5384	10.95394
5386	10.95419
5388	10.95412
5390	10.9541
5392	10.95424
5394	10.95419
5396	10.9542
5398	10.95426
5400	10.95438
5402	10.95455
5404	10.95444
5406	10.95464
5408	10.95493
5410	10.95461
5412	10.9545
5414	10.95401
5416	10.95399
5418	10.95368
5420	10.9537
5422	10.95392
5424	10.95423
5426	10.95414
5428	10.95403
5430	10.95413
5432	10.95454
5434	10.9545
5436	10.95457
5438	10.9547
5440	10.95459
5442	10.95444
5444	10.95431
5446	10.95425
5448	10.95422
5450	10.95435
5452	10.95456
5454	10.95435
5456	10.9543
5458	10.9548
5460	10.95489
5462	10.95521
5464	10.95553
5466	10.95549
5468	10.95564
5470	10.95574
5472	10.95548
5474	10.95504
5476	10.95497
5478	10.95514
5480	10.955
5482	10.95485
5484	10.9544
5486	10.95448
5488	10.95447
5490	10.95436
5492	10.95417
5494	10.95414
5496	10.95418
5498	10.95465
5500	10.95502
5502	10.95519
5504	10.95544
5506	10.95551
5508	10.95541
5510	10.95529
5512	10.95522
5514	10.95531
5516	10.95542
5518	10.9554
5520	10.95535
5522	10.95561
5524	10.95541
5526	10.95513
5528	10.95533
5530	10.9555
5532	10.95535
5534	10.95525
5536	10.95526
5538	10.9553
5540	10.9556
5542	10.95572
5544	10.95557
5546	10.95534
5548	10.95532
5550	10.95525
5552	10.95518
5554	10.95514
5556	10.95512
5558	10.95539
5560	10.95541
5562	10.95552
5564	10.95567
5566	10.9558
5568	10.95583
5570	10.95547
5572	10.95564
5574	10.95601
5576	10.95616
5578	10.95605
5580	10.95572
5582	10.95597
5584	10.95615
5586	10.9562
5588	10.95623
5590	10.95636
5592	10.95587
5594	10.95516
5596	10.95491
5598	10.95486
5600	10.95491
5602	10.95506
5604	10.95504
5606	10.95519
5608	10.95538
5610	10.95568
5612	10.95534
5614	10.95539
5616	10.95548
5618	10.95567
5620	10.9557
5622	10.95555
5624	10.95593
5626	10.9562
5628	10.95681
5630	10.95682
5632	10.95652
5634	10.95624
5636	10.95628
5638	10.95627
5640	10.95633
5642	10.95627
5644	10.9564
5646	10.95658
5648	10.9566
5650	10.95674
5652	10.95655
5654	10.95664
5656	10.95624
5658	10.95627
5660	10.95631
5662	10.95653
5664	10.9564
5666	10.95651
5668	10.95647
5670	10.95621
5672	10.95533
5674	10.95538
5676	10.95562
5678	10.95546
5680	10.95519
5682	10.9558
5684	10.95666
5686	10.95686
5688	10.95656
5690	10.95649
5692	10.95663
5694	10.95652
5696	10.95648
5698	10.95643
5700	10.95636
5702	10.95622
5704	10.95635
5706	10.9564
5708	10.95627
5710	10.95649
5712	10.95648
5714	10.9567
5716	10.95684
5718	10.9568
5720	10.95698
5722	10.95691
5724	10.95643
5726	10.95614
5728	10.9563
5730	10.95646
5732	10.95638
5734	10.95604
5736	10.95616
5738	10.95625
5740	10.9564
5742	10.95658
5744	10.95679
5746	10.95654
5748	10.95604
5750	10.95578
5752	10.95573
5754	10.95621
5756	10.95634
5758	10.9564
5760	10.95666
5762	10.95671
5764	10.95668
5766	10.95674
5768	10.95664
5770	10.95649
5772	10.95646
5774	10.9566
5776	10.95645
5778	10.95625
5780	10.95633
5782	10.95635
5784	10.95618
5786	10.95614
5788	10.95647
5790	10.95697
5792	10.95728
5794	10.95748
5796	10.95731
5798	10.95709
5800	10.95698
5802	10.95641
5804	10.95581
5806	10.95571
5808	10.95616
5810	10.9563
5812	10.95648
5814	10.9569
5816	10.95696
5818	10.95726
5820	10.9573
5822	10.95742
5824	10.95737
5826	10.95711
5828	10.95698
5830	10.95705
5832	10.95672
5834	10.95656
5836	10.95649
5838	10.95666
5840	10.95684
5842	10.95701
5844	10.95692
5846	10.95678
5848	10.95655
5850	10.9566
5852	10.95669
5854	10.95632
5856	10.95605
5858	10.95645
5860	10.95644
5862	10.95677
5864	10.95659
5866	10.95644
5868	10.95648
5870	10.95665
5872	10.9567
5874	10.95677
5876	10.95696
5878	10.95726
5880	10.95736
5882	10.95717
5884	10.95716
5886	10.95729
5888	10.95737
5890	10.95733
5892	10.9575
5894	10.95729
5896	10.95725
5898	10.95706
5900	10.95692
5902	10.95682
5904	10.95688
5906	10.95653
5908	10.95666
5910	10.95703
5912	10.95728
5914	10.95728
5916	10.95708
5918	10.95761
5920	10.95751
5922	10.95786
5924	10.95819
5926	10.95822
5928	10.95841
5930	10.9581
5932	10.95812
5934	10.95806
5936	10.95801
5938	10.95814
5940	10.95802
5942	10.95761
5944	10.95758
5946	10.95744
5948	10.95789
5950	10.95779
5952	10.95784
5954	10.95795
5956	10.95757
5958	10.95732
5960	10.95708
5962	10.95724
5964	10.95711
5966	10.95695
5968	10.95703
5970	10.95725
5972	10.9571
5974	10.95734
5976	10.95775
5978	10.95807
5980	10.9579
5982	10.95803
5984	10.95828
5986	10.95835
5988	10.95809
5990	10.95775
5992	10.95749
5994	10.95731
5996	10.95717
5998	10.95714
6000	10.95738
6002	10.95752
6004	10.95806
6006	10.95843
6008	10.95838
6010	10.95813
6012	10.95849
6014	10.95884
6016	10.95894
6018	10.95867
6020	10.95874
6022	10.95871
6024	10.95854
6026	10.95855
6028	10.9583
6030	10.95825
6032	10.95817
6034	10.95794
6036	10.95795
6038	10.95806
6040	10.95836
6042	10.95852
6044	10.9582
6046	10.95807
6048	10.95801
6050	10.95816
6052	10.95845
6054	10.95895
6056	10.95894
6058	10.959
6060	10.95866
6062	10.95848
6064	10.95848
6066	10.95843
6068	10.95864
6070	10.95851
6072	10.95866
6074	10.9586
6076	10.95846
6078	10.95802
6080	10.95812
6082	10.95818
6084	10.9581
6086	10.95836
6088	10.95853
6090	10.95885
6092	10.95928
6094	10.95973
6096	10.95997
6098	10.95964
6100	10.95992
6102	10.95982
